6 89 0
37 17 0
64 37 0
6 57 0
1 87 0
0 97 0
-4 17 0
27 47 0
53 67 0
51 87 0
22 7 0
76 27 0
-12 47 0
-27 67 0
-27 67 0
20 97 0
20 17 0
20 17 0
10 47 0
57 67 0
50 96 0
18 16 0
18 16 0
-10 26 0
26 56 0
39 86 0
59 16 0
59 16 0
41 36 0
-1 56 0
2 76 0
88 6 0
-8 26 0
-8 26 0
9 46 0
-12 66 0
-23 6 0
22 26 0
32 46 0
55 66 0
-4 76 0
6 86 0
34 26 0
34 26 0
124 46 0
300 66 0
26 86 0
-382 8 0
-54 46 0
-54 46 0
-6 66 0
45 86 0
81 6 0
65 36 0
109 46 0
40 76 0
-2 96 0
54 16 0
40 36 0
40 36 0
41 66 0
38 76 0
22 6 0
58 26 0
-34 46 0
11 66 0
11 66 0
12 96 0
42 26 0
21 36 0
26 56 0
36 86 0
11 6 0
35 25 30
-8 45 30
25 65 30
23 95 30
16 5 30
16 5 30
19 55 30
50 75 30
52 95 30
21 5 30
49 25 30
11 45 30
85 65 30
56 75 30
102 95 30
45 25 30
442 55 30
37 75 30
37 75 30
-278 5 30
-41 25 30
-41 25 30
-41 25 30
32 75 30
117 95 30
99 23 30
50 40 13
34 65 13
34 85 13
34 85 13
53 25 13
40 45 13
-5 65 13
59 85 13
33 5 13
64 25 13
-61 41 13
13 45 13
90 75 13
48 95 13
17 15 13
66 35 13
-9 55 13
34 75 13
26 95 13
20 35 13
52 65 13
20 79 13
32 5 13
108 25 13
34 44 16
34 44 16
66 74 16
24 94 16
34 19 16
54 39 16
56 55 16
-5 78 16
17 0 16
40 24 16
482 54 16
-279 74 16
-477 94 16
36 14 16
230 34 16
248 54 16
248 54 16
128 84 16
77 4 16
54 24 16
3 44 16
-1 84 16
48 95 16
69 4 16
-5 34 16
58 44 16
-6 74 24
26 4 24
42 24 24
38 44 24
48 64 24
48 64 24
42 94 24
-22 14 24
29 34 24
80 64 24
49 94 24
-10 14 24
28 34 24
28 54 24
40 74 24
29 94 24
7 14 24
70 54 24
328 74 24
328 74 24
-109 4 24
-66 34 24
48 64 24
-18 83 50
81 3 50
43 23 50
49 43 50
24 63 50
17 83 50
20 3 50
32 23 50
101 43 50
-54 63 50
52 83 50
83 93 50
2 13 50
20 33 50
41 53 50
49 73 50
56 93 50
28 23 50
12 33 50
109 53 50
-27 73 50
35 3 50
82 23 50
32 43 50
-2 63 50
22 93 87
22 93 87
9 33 87
45 53 87
-14 73 87
49 83 87
262 93 87
416 33 87
-321 53 87
-321 53 87
-375 73 87
97 3 87
136 29 87
77 63 87
73 83 87
44 3 87
104 23 87
68 43 87
24 73 87
16 3 87
117 23 87
57 43 87
-23 63 87
-23 63 87
56 73 87
17 22 94
90 42 94
39 62 94
-8 82 94
8 2 94
-8 22 94
70 34 94
7 72 94
27 92 94
43 12 94
-2 32 94
11 52 94
85 72 94
85 72 94
4 12 94
84 32 94
32 42 94
273 72 94
-180 90 94
152 12 94
-327 15 94
-21 62 94
25 82 94
65 2 94
48 3 94
60 32 94
49 62 94
50 82 94
55 2 94
50 22 94
21 42 94
-12 62 94
84 82 94
102 2 94
58 12 94
-11 32 94
-3 62 94
28 92 94
48 12 94
40 32 94
-1 42 94
-24 62 94
22 82 94
40 2 94
48 22 94
53 42 94
48 82 94
13 92 94
17 32 94
25 51 83
25 51 83
32 81 83
76 21 83
8 41 83
70 61 83
33 81 83
-341 1 83
-327 21 83
55 41 83
150 71 83
120 81 83
96 4 83
26 21 83
75 53 83
26 61 83
68 91 83
28 11 83
-10 31 83
84 51 83
27 71 83
25 1 83
-4 21 83
50 31 83
86 61 61
25 91 61
6 11 61
49 31 61
-33 51 61
33 71 61
58 81 61
36 11 61
37 41 61
12 61 61
51 81 61
28 1 61
-5 21 61
52 41 61
-9 61 61
22 92 61
24 21 61
4 41 61
26 61 61
-50 81 61
-50 81 61
-50 81 61
-171 31 61
-199 51 61
-118 67 61
-22 90 38
72 20 38
38 40 38
38 40 38
56 90 38
52 10 38
102 30 38
43 50 38
40 70 38
16 90 38
39 10 38
39 10 38
-3 40 38
-18 70 38
39 0 38
71 20 38
26 40 38
41 60 38
84 80 38
7 0 38
27 20 38
34 40 38
55 70 38
32 90 34
85 10 34
-20 40 34
-20 40 34
11 70 34
-11 90 34
53 10 34
36 30 34
102 50 34
134 70 34
-151 0 34
-291 20 34
-6 50 34
166 70 34
179 90 34
108 10 34
42 30 34
35 60 34
48 80 34
49 0 34
22 20 34
3 46 34
21 80 34
21 80 34
54 19 47
-7 39 47
37 59 47
13 79 47
34 99 47
-17 19 47
25 39 47
34 59 47
20 95 47
84 19 47
26 29 47
11 49 47
13 72 47
71 89 47
41 20 47
25 49 47
38 69 47
-77 89 47
417 9 47
-473 29 47
-1387 49 47
-798 69 47
420 89 47
823 9 47
523 38 70
120 69 70
68 89 70
72 9 70
-29 29 70
-51 49 70
-12 69 70
-7 90 70
12 29 70
-3 49 70
-3 49 70
45 79 70
13 99 70
-7 39 70
6 59 70
40 74 70
23 99 70
11 9 70
25 29 70
36 59 70
21 69 70
26 89 70
22 9 70
36 29 70
48 63 93
-340 98 93
-330 18 93
-97 38 93
81 58 93
112 78 93
83 98 93
48 18 93
19 48 93
52 68 93
11 88 93
61 8 93
34 28 93
39 48 93
28 68 93
65 98 93
39 18 93
-19 38 93
53 58 93
23 78 93
35 18 93
8 28 93
18 38 93
2 78 96
83 98 96
116 18 96
156 48 96
523 68 96
-915 88 96
162 18 96
466 38 96
405 48 96
73 88 96
25 8 96
-27 28 96
37 48 96
38 68 96
44 88 96
9 8 96
23 28 96
36 58 96
9 88 96
1 98 96
12 18 96
64 38 96
-33 58 96
65 87 91
18 17 91
-1 47 91
49 57 91
10 87 91
22 7 91
65 27 91
11 47 91
26 77 91
60 97 91
56 7 91
75 57 91
404 77 91
21 97 91
-417 27 91
-90 57 91
-90 57 91
170 87 91
231 7 91
113 27 91
58 57 91
72 77 91
41 6 84
32 17 84
11 47 84
-41 77 84
20 7 84
33 27 84
-13 47 84
44 67 84
44 67 84
11 7 84
6 27 84
391 57 84
114 79 84
-297 7 84
-229 27 84
-229 27 84
-39 57 84
68 87 84
80 17 84
82 37 84
55 47 84
53 52 84
48 87 84
48 87 84
60 16 83
151 46 83
-7 66 83
75 76 83
16 96 83
-11 16 83
50 36 83
51 66 83
-18 86 83
42 96 83
57 26 83
39 46 83
56 66 83
56 66 83
37 92 83
72 16 83
588 36 83
32 66 83
-325 86 83
-567 96 83
-105 16 83
82 26 83
169 46 83
114 76 83
24 96 83
19 16 64
19 16 64
17 36 64
37 76 64
23 96 64
19 6 64
-29 36 64
17 56 64
36 76 64
12 96 64
35 16 64
56 36 64
12 46 64
35 66 64
19 96 64
4 16 64
49 36 64
58 56 64
19 76 64
60 96 64
-12 16 64
8 36 64
39 46 64
310 66 64
-407 86 64
59 6 64
25 26 64
276 55 67
195 85 67
195 85 67
86 15 67
67 35 67
-9 55 67
3 75 67
3 95 67
36 15 67
1 35 67
1 35 67
-22 55 67
-20 75 67
22 5 67
12 35 67
73 55 67
3 75 67
11 85 67
68 5 67
75 15 67
87 45 67
40 65 67
-6 95 67
32 25 67
34 35 67
54 43 67
27 69 61
64 85 61
781 25 61
490 37 61
-294 65 61
204 85 61
194 5 61
279 25 61
260 45 61
236 55 61
71 75 61
77 95 61
53 15 61
-19 35 61
11 55 61
1 75 61
35 95 61
-61 15 61
5 45 61
6 55 61
45 85 61
35 14 61
56 25 61
19 45 61
42 74 35
39 94 35
91 4 35
24 24 35
28 44 35
-11 64 35
12 94 35
37 14 35
12 34 35
45 54 35
-18 74 35
53 94 35
33 14 35
33 14 35
42 44 35
32 64 35
53 84 35
22 4 35
42 24 35
64 34 35
8 74 35
35 94 35
26 14 35
2 34 35
11 37 35
10 74 35
57 94 51
89 14 51
326 34 51
269 54 51
-9 74 51
-121 14 51
-69 16 51
103 54 51
88 63 51
32 84 51
24 4 51
41 34 51
22 44 51
11 64 51
23 84 51
25 4 51
29 24 51
85 44 51
1 84 51
80 4 51
12 24 51
37 44 51
39 64 51
10 84 51
42 13 47
113 43 47
23 63 47
12 73 47
77 93 47
17 13 47
-14 43 47
-14 43 47
10 73 47
17 3 47
-38 23 47
74 43 47
19 63 47
-49 83 47
-343 3 47
-380 13 47
1 43 47
205 63 47
141 83 47
38 23 47
28 43 47
18 63 47
18 63 47
41 83 47
-40 3 47
52 33 44
3 63 44
71 83 44
45 3 44
39 23 44
59 43 44
64 63 44
5 73 44
12 3 44
5 19 44
5 33 44
-10 63 44
-10 63 44
21 3 44
6 23 44
18 43 44
-18 63 44
244 83 44
106 3 44
-305 23 44
-125 33 44
82 55 44
43 73 44
53 13 44
71 32 77
32 52 77
64 72 77
67 82 77
67 82 77
-1 22 77
0 42 77
36 62 77
-52 82 77
40 2 77
50 22 77
27 42 77
73 72 77
36 2 77
-7 12 77
-8 32 77
4 64 77
87 2 77
71 12 77
41 52 77
49 72 77
-6 92 77
-50 12 77
38 32 77
8 52 88
23 92 88
37 12 88
29 32 88
29 32 88
66 62 88
20 92 88
67 2 88
-13 32 88
20 52 88
24 72 88
19 92 88
-10 22 88
41 42 88
29 52 88
134 62 88
56 2 88
-49 22 88
89 42 88
-265 62 88
-82 72 88
-87 12 88
-87 12 88
251 61 84
277 71 84
145 1 84
72 21 84
57 41 84
25 61 84
25 61 84
0 71 84
-5 21 84
4 51 84
48 61 84
21 91 84
21 91 84
41 1 84
7 51 84
16 71 84
40 91 84
38 11 84
35 31 84
68 51 84
-13 71 84
36 11 84
49 31 84
9 51 84
27 71 84
58 91 74
48 11 74
26 31 74
90 41 74
-2 81 74
17 1 74
23 21 74
23 51 74
-3 81 74
42 91 74
42 91 74
49 21 74
52 51 74
61 71 74
306 1 74
407 21 74
89 41 74
89 41 74
-985 51 74
172 91 74
324 11 74
180 39 74
12 71 74
4 87 74
13 10 70
-21 30 70
-6 50 70
1 70 70
51 90 70
3 10 70
17 30 70
32 50 70
19 60 70
-17 90 70
51 20 70
29 40 70
56 60 70
71 80 70
37 0 70
-41 20 70
18 60 70
26 80 70
1 0 70
10 20 70
29 40 70
67 50 70
137 70 70
43 90 70
124 30 48
-241 50 48
-568 70 48
-156 90 48
201 10 48
250 30 48
75 50 48
25 70 48
8 90 48
11 30 48
6 50 48
61 70 48
67 80 48
51 20 48
26 40 48
18 60 48
21 80 48
3 0 48
38 20 48
-65 40 48
58 60 48
18 88 48
22 19 48
9 39 50
-2 59 50
21 79 50
66 99 50
19 19 50
96 59 50
96 59 50
-11 99 50
27 9 50
-123 29 50
186 49 50
128 69 50
-185 89 50
-332 9 50
37 29 50
34 49 50
116 79 50
105 9 50
124 29 50
-9 49 50
33 60 50
-2 89 50
6 9 50
10 19 50
-11 49 75
11 69 75
29 99 75
5 19 75
0 39 75
26 59 75
16 79 75
13 99 75
21 19 75
40 50 75
56 79 75
29 99 75
-3 19 75
-81 39 75
-170 59 75
-45 69 75
-273 99 75
44 19 75
182 39 75
221 59 75
441 79 75
122 9 75
-5 19 75
-26 49 75
10 68 80
4 8 80
12 28 80
43 48 80
43 68 80
13 88 80
13 88 80
61 28 80
35 58 80
22 78 80
51 88 80
38 8 80
42 28 80
9 58 80
8 88 80
53 18 80
549 38 80
556 58 80
-705 78 80
-540 98 80
277 18 80
519 48 80
194 78 87
18 98 87
34 18 87
38 38 87
-1 48 87
-27 78 87
34 98 87
-11 28 87
3 48 87
3 78 87
38 98 87
38 98 87
13 28 87
57 48 87
44 78 87
-9 98 87
49 18 87
54 38 87
24 58 87
51 88 87
50 18 87
53 38 87
45 58 87
60 78 87
2 97 81
11 17 81
87 53 81
21 77 81
41 97 81
37 27 81
21 47 81
21 67 81
21 67 81
0 9 81
28 21 81
40 47 81
24 67 81
40 97 81
37 17 81
37 17 81
32 47 81
296 77 81
-40 7 81
-40 7 81
-244 37 81
157 77 81
157 77 81
21 27 57
33 47 57
20 67 57
74 87 57
23 7 57
26 27 57
6 67 57
69 87 57
1 17 57
3 43 57
44 67 57
99 87 57
99 87 57
54 27 57
56 57 57
-4 77 57
2 97 57
68 17 57
32 37 57
-6 47 57
52 87 57
25 98 57
28 26 57
26 46 57
50 66 57
90 94 57
42 96 57
24 36 57
56 66 57
33 86 57
64 6 57
-1 26 57
35 46 57
34 76 57
20 3 57
-33 26 57
184 46 57
184 46 57
-110 66 57
82 6 57
82 6 57
296 16 57
-198 66 57
-547 76 57
86 6 57
250 16 57
139 46 53
80 56 53
67 66 53
21 96 53
-5 16 53
52 36 53
40 66 53
39 86 53
39 96 53
45 16 53
45 16 53
27 66 53
27 86 53
57 6 53
32 26 53
26 46 53
18 66 53
55 76 53
10 6 53
21 26 53
35 56 53
23 76 53
21 96 53
-1 16 53
19 26 53
-3 65 57
-3 65 57
75 95 57
-10 25 57
60 55 57
21 75 57
58 95 57
98 15 57
57 35 57
53 55 57
427 75 57
-417 15 57
-518 35 57
-244 45 57
-209 65 57
210 85 57
419 95 57
317 25 57
99 45 57
-10 65 57
4 85 57
5 95 57
-21 25 57
-8 45 57
0 63 57
20 85 41
16 15 41
-7 25 41
49 55 41
49 55 41
13 85 41
5 5 41
11 25 41
17 35 41
26 55 41
86 95 41
20 15 41
20 15 41
60 39 41
43 75 41
50 95 41
-40 5 41
80 35 41
37 55 41
20 65 41
82 85 41
99 5 41
347 27 41
-297 45 41
19 55 41
-262 94 48
113 14 48
113 14 48
104 44 48
53 64 48
53 84 48
50 4 48
20 24 48
32 44 48
6 64 48
74 84 48
19 4 48
24 24 48
-21 34 48
4 64 48
-33 75 48
58 4 48
40 14 48
40 34 48
34 54 48
65 74 48
36 4 48
38 24 48
-1 54 48
50 74 48
33 94 48
-1 14 69
41 54 69
-8 74 69
52 94 69
48 14 69
21 34 69
-34 44 69
71 74 69
-26 94 69
26 14 69
406 34 69
-370 74 69
-119 94 69
-119 94 69
59 34 69
69 54 69
58 74 69
85 94 69
53 33 69
33 54 69
33 54 69
-4 94 69
32 11 69
37 33 67
54 54 67
22 93 67
19 13 67
19 13 67
5 53 67
11 68 67
34 93 67
-10 13 67
42 33 67
3 53 67
19 73 67
12 93 67
52 13 67
7 33 67
28 53 67
35 73 67
49 93 67
-6 13 67
-6 13 67
27 43 67
24 63 67
-13 3 67
35 13 67
40 43 96
12 63 96
-21 67 96
-9 93 96
-251 23 96
-251 23 96
-37 63 96
-164 83 96
-43 3 96
-283 23 96
-249 33 96
-83 53 96
290 83 96
249 3 96
101 23 96
83 33 96
10 63 96
36 73 96
36 73 96
57 23 96
1 33 96
34 63 96
-35 79 96
21 13 96
40 33 96
40 33 96
76 72 78
60 92 78
27 12 78
9 32 78
7 52 78
2 72 78
52 92 78
27 22 78
53 42 78
86 52 78
24 72 78
24 72 78
27 22 78
49 42 78
49 42 78
5 78 78
112 2 78
776 22 78
-138 39 78
-281 62 78
-116 82 78
225 2 78
225 2 78
55 32 78
114 52 78
114 72 57
37 92 57
25 12 57
57 42 57
-3 62 57
22 92 57
65 12 57
0 22 57
11 42 57
16 62 57
49 82 57
59 2 57
2 22 57
41 52 57
67 82 57
53 2 57
19 22 57
13 42 57
13 42 57
26 72 57
10 2 57
-7 22 57
66 42 57
16 62 57
58 91 75
-8 21 75
57 41 75
58 61 75
19 81 75
37 1 75
27 21 75
70 41 75
17 61 75
-25 81 75
-25 81 75
32 21 75
17 41 75
1 61 75
17 81 75
32 11 75
34 31 75
34 31 75
65 71 75
84 91 75
51 11 75
38 31 75
8 51 75
7 81 75
42 91 75
48 1 84
19 61 84
3 81 84
50 1 84
9 21 84
-45 41 84
20 61 84
-118 1 84
-305 21 84
-249 41 84
99 61 84
288 81 84
177 1 84
102 11 84
54 31 84
48 71 84
-12 91 84
10 11 84
7 31 84
-20 51 84
8 91 84
51 7 84
36 30 96
58 50 96
2 70 96
4 90 96
54 10 96
54 10 96
74 50 96
55 70 96
5 0 96
28 20 96
55 40 96
58 60 96
-6 80 96
17 10 96
21 40 96
88 60 96
84 80 96
-8 0 96
49 20 96
49 20 96
60 50 96
28 70 96
36 90 96
-1 10 96
65 30 100
58 60 100
473 90 100
473 90 100
-135 30 100
-163 50 100
105 70 100
103 79 100
93 10 100
25 30 100
35 50 100
29 70 100
52 80 100
54 0 100
37 20 100
25 40 100
70 80 100
40 0 100
20 20 100
13 30 100
48 50 100
84 90 100
13 10 100
55 30 100
44 49 94
44 49 94
28 89 94
12 19 94
27 39 94
55 59 94
6 79 94
10 89 94
34 9 94
-3 29 94
33 49 94
28 69 94
16 89 94
12 19 94
29 49 94
37 59 94
4 89 94
18 9 94
16 28 94
20 49 94
76 69 94
70 89 94
11 99 94
23 19 94
1 39 94
9 59 91
45 99 91
84 19 91
6 39 91
18 59 91
59 79 91
68 99 91
5 19 91
13 59 91
27 79 91
24 99 91
22 29 91
22 29 91
18 69 91
87 5 91
1113 29 91
-41 49 91
418 69 91
-1115 89 91
-616 9 91
436 43 91
539 69 91
678 88 96
647 8 96
264 28 96
42 48 96
-24 68 96
-133 88 96
-65 18 96
-75 48 96
16 58 96
-21 88 96
-21 88 96
35 18 96
-20 38 96
24 75 96
-6 88 96
26 98 96
49 38 96
49 38 96
50 78 96
35 98 96
21 18 96
-56 48 96
32 78 96
61 98 87
61 98 87
48 38 87
33 58 87
90 78 87
44 98 87
22 18 87
36 38 87
48 58 87
48 88 87
-244 8 87
49 28 87
-1158 58 87
-89 88 87
612 8 87
612 8 87
681 38 87
64 78 87
7 98 87
-68 18 87
-76 38 87
-21 58 87
-19 78 87
20 98 87
19 37 83
-19 57 83
-19 57 83
28 97 83
7 27 83
7 27 83
29 57 83
82 87 83
26 7 83
29 27 83
16 57 83
85 87 83
38 7 83
57 27 83
59 47 83
42 67 83
39 87 83
19 17 83
17 37 83
-51 57 83
73 97 83
43 17 83
3 37 70
23 57 70
39 77 70
20 97 70
8 17 70
-10 57 70
48 77 70
35 97 70
17 17 70
6 47 70
32 77 70
11 97 70
10 17 70
20 37 70
23 77 70
-8 97 70
-8 97 70
48 27 70
5 47 70
-3 87 70
16 7 70
-21 27 70
18 46 53
18 46 53
9 66 53
215 96 53
233 16 53
-323 36 53
-131 56 53
58 76 53
22 16 53
22 16 53
71 46 53
91 76 53
36 96 53
35 16 53
54 46 53
49 76 53
49 76 53
19 6 53
26 26 53
40 66 53
18 86 53
32 6 53
9 26 53
74 46 53
9 76 53
28 96 53
54 16 53
32 36 53
10 56 53
-4 76 53
8 6 53
8 6 53
69 46 53
36 66 53
68 86 53
22 6 53
9 26 53
48 36 53
-18 66 53
22 86 53
67 6 53
20 26 53
54 46 53
68 66 53
-25 76 53
-25 76 53
56 96 53
44 46 53
23 56 53
38 95 61
84 5 61
11 25 61
60 45 61
60 45 61
-3 75 61
-8 95 61
55 15 61
55 35 61
26 72 61
-23 81 61
-7 95 61
-7 25 61
-71 45 61
-148 65 61
167 75 61
-366 85 61
-142 25 61
42 55 61
42 55 61
225 85 61
98 15 61
98 15 61
43 35 61
76 60 61
34 95 47
17 15 47
17 15 47
-10 55 47
21 75 47
35 95 47
66 15 47
23 25 47
40 55 47
19 75 47
19 75 47
76 5 47
43 25 47
12 45 47
43 65 47
-37 95 47
7 25 47
7 25 47
52 65 47
40 75 47
58 5 47
-7 25 47
24 45 47
42 65 47
25 75 47
262 4 54
166 24 54
218 44 54
-257 64 54
-551 65 54
-1001 94 54
-502 4 54
354 24 54
354 24 54
708 74 54
300 94 54
26 14 54
-102 34 54
-200 54 54
-57 74 54
-53 84 54
-50 14 54
-133 34 54
43 54 54
129 64 54
211 74 54
-205 34 54
-24 44 54
331 74 54
168 94 54
-39 14 54
-92 34 48
1 64 48
32 74 48
51 4 48
51 4 48
51 4 48
-43 34 48
150 74 48
184 14 48
200 24 48
24 42 48
-131 54 48
-36 84 48
3 14 48
146 25 48
28 64 48
-45 77 48
117 4 48
117 4 48
68 34 48
361 54 48
427 72 48
209 84 48
-330 4 48
-298 24 48
-518 53 30
918 73 30
1124 93 30
547 13 30
274 33 30
145 53 30
-130 73 30
-2048 93 30
-840 33 30
-569 43 30
-382 53 30
-166 73 30
-33 3 30
1 23 30
19 53 30
22 67 30
24 73 30
33 3 30
41 23 30
216 43 30
257 83 30
257 83 30
918 3 30
2047 33 30
1219 53 30
296 93 30
296 93 30
116 23 30
-228 60 30
-413 63 30
-1169 83 30
-245 23 30
-258 43 30
-473 63 30
-369 83 30
-1148 93 30
-875 13 30
-739 33 30
-615 53 30
-283 73 30
-185 83 30
-119 93 30
-36 13 30
131 33 30
585 53 30
1078 73 30
898 93 30
898 93 30
953 13 30
748 33 30
475 63 30
375 92 30
375 92 30
162 12 30
37 32 30
-23 52 30
-115 72 30
-166 2 30
188 9 30
-487 42 30
-487 42 30
229 62 30
313 92 30
556 12 30
556 12 30
-2048 42 30
-1005 62 30
-697 72 30
426 92 30
1275 2 30
1066 22 30
-1304 42 30
-795 62 30
-795 62 30
-66 2 30
-66 2 30
-317 22 30
-237 42 30
50 62 30
491 79 30
2047 2 30
1841 22 30
1280 32 30
624 52 30
309 72 30
71 92 30
-166 12 30
-617 32 30
-337 52 30
-49 62 30
309 72 30
-563 2 30
-563 2 30
-604 22 30
-491 42 30
-489 62 30
-133 82 30
13 2 30
-60 22 30
-60 22 30
-84 32 30
-72 72 30
372 92 30
372 92 30
193 12 30
66 42 30
-6 52 30
-3 72 30
-58 82 30
80 1 30
281 21 30
-3 41 30
135 61 30
70 31 30
54 41 30
54 41 30
54 41 30
54 41 30
54 41 30
54 41 30
1 51 30
65 61 30
-24 91 30
-24 91 30
-24 91 30
-24 91 30
54 11 30
54 11 30
54 11 30
101 21 30
44 31 30
44 31 30
44 31 30
-38 51 30
-38 51 30
-38 51 30
394 71 30
394 71 30
394 71 30
114 81 30
6 91 30
6 91 30
6 91 30
6 91 30
6 91 30
-324 1 30
-27 21 30
-27 21 30
-27 21 30
1283 41 30
1283 41 30
1283 41 30
620 61 30
620 61 30
620 61 30
620 61 30
309 81 30
309 81 30
309 81 30
162 1 30
162 1 30
162 1 30
90 21 30
90 21 30
90 21 30
71 31 30
57 41 30
57 41 30
57 41 30
41 61 30
41 61 30
41 61 30
36 81 30
36 81 30
36 81 30
36 81 30
36 81 30
36 81 30
-2 11 30
-2 11 30
-2 11 30
35 31 44
35 31 44
35 31 44
-2048 51 44
-2048 51 44
-2048 51 44
2040 61 44
1850 71 44
1850 71 44
1850 71 44
896 91 44
896 91 44
896 91 44
439 11 44
439 11 44
439 11 44
439 11 44
311 21 44
162 41 44
162 41 44
162 41 44
2047 61 44
2047 61 44
2047 61 44
1621 71 44
1127 81 44
1127 81 44
1127 81 44
549 1 44
549 1 44
549 1 44
-2048 21 44
-2048 21 44
-2048 21 44
-2048 31 44
-2048 41 44
-2048 41 44
-2048 41 44
