# Created by Octave 4.0.3, Mon Oct 31 12:22:16 2016 ART <lumarzo@localhost>
# name: ojos
# type: cell
# rows: 1
# columns: 3
# name: <cell-element>
# type: matrix
# rows: 1471
# columns: 3
 27 17 0
 6 77 0
 22 17 0
 -5 27 0
 50 57 0
 -34 67 0
 24 77 0
 40 97 0
 11 17 0
 41 37 0
 -20 67 0
 -51 77 0
 73 7 0
 -26 27 0
 37 47 0
 6 77 0
 34 87 0
 -6 8 0
 17 27 0
 42 67 0
 27 86 0
 27 86 0
 18 16 0
 34 36 0
 21 56 0
 23 76 0
 44 96 0
 27 16 0
 40 36 0
 8 66 0
 25 76 0
 73 6 0
 73 6 0
 36 46 0
 36 46 0
 27 76 0
 201 96 0
 120 16 0
 338 36 0
 -53 56 0
 -101 76 0
 -125 96 0
 -125 96 0
 -165 26 0
 73 66 0
 73 66 0
 37 6 0
 37 6 0
 42 36 0
 45 56 0
 64 86 0
 53 6 0
 -8 26 0
 2 46 0
 66 66 0
 11 86 0
 -17 6 0
 25 16 0
 26 46 0
 39 66 0
 -35 86 0
 76 6 0
 85 26 0
 321 46 0
 73 66 0
 73 66 0
 -105 96 0
 -107 26 0
 17 46 0
 57 66 0
 28 86 0
 17 6 0
 50 25 47
 35 55 47
 114 75 47
 88 15 47
 17 25 47
 68 35 47
 8 75 47
 8 75 47
 66 5 47
 22 25 47
 1 45 47
 21 85 47
 21 85 47
 -8 5 47
 48 25 47
 2 45 47
 55 75 47
 50 95 47
 28 15 47
 92 39 47
 52 55 47
 19 85 47
 19 85 47
 156 15 47
 -130 35 41
 69 55 41
 -39 75 41
 -44 15 41
 -51 24 41
 -39 45 41
 29 65 41
 81 95 41
 64 15 41
 19 35 41
 27 55 41
 54 75 41
 50 95 41
 50 95 41
 72 45 41
 37 65 41
 43 85 41
 18 5 41
 5 29 41
 39 45 41
 68 65 41
 28 85 41
 26 25 41
 85 44 40
 64 64 40
 104 84 40
 -245 4 40
 82 14 40
 82 14 40
 35 54 40
 16 74 40
 -92 94 40
 -6 24 40
 6 43 40
 18 64 40
 54 74 40
 54 4 40
 -6 24 40
 34 44 40
 28 84 40
 42 4 40
 40 22 40
 41 24 40
 40 64 40
 38 74 40
 38 74 40
 42 14 40
 50 34 40
 43 64 30
 34 84 30
 67 87 30
 101 34 30
 66 64 30
 -12 84 30
 199 4 30
 97 17 30
 -1 44 30
 -1 44 30
 17 74 30
 17 74 30
 -83 84 30
 -49 44 30
 -8 64 30
 -61 84 30
 -61 84 30
 50 14 30
 37 54 30
 121 74 30
 22 94 30
 37 4 30
 40 24 30
 35 34 30
 50 44 30
 28 71 30
 17 3 21
 11 33 21
 38 63 21
 12 83 21
 34 3 21
 34 3 21
 -29 63 21
 33 83 21
 36 3 21
 27 23 21
 56 43 21
 -27 63 21
 68 93 21
 43 13 21
 20 33 21
 22 43 21
 9 83 21
 89 13 21
 24 23 21
 427 53 21
 -124 73 21
 104 75 21
 58 23 30
 -85 33 30
 -55 53 30
 -41 73 30
 -41 73 30
 -65 13 30
 -14 33 30
 65 53 30
 27 83 30
 55 3 30
 66 23 30
 39 53 30
 48 73 30
 23 93 30
 50 13 30
 97 33 30
 43 53 30
 38 73 30
 67 3 30
 -9 23 30
 16 43 30
 12 63 30
 5 83 30
 -5 3 30
 18 12 35
 93 32 35
 9 62 35
 67 92 35
 75 12 35
 258 22 35
 179 42 35
 -99 62 35
 3 82 35
 3 82 35
 82 22 35
 -106 42 35
 -73 62 35
 -34 82 35
 23 2 35
 45 32 35
 91 42 35
 98 52 35
 24 92 35
 65 22 35
 90 52 35
 45 72 35
 29 92 35
 29 92 35
 34 32 44
 35 52 44
 72 74 44
 64 2 44
 8 22 44
 -3 42 44
 57 62 44
 32 82 44
 5 2 44
 195 22 44
 -85 52 44
 -234 72 44
 -49 92 44
 55 12 44
 5 32 44
 -35 52 44
 0 72 44
 -59 2 44
 24 32 44
 43 52 44
 77 72 44
 50 92 44
 23 12 44
 42 32 44
 40 51 53
 29 71 53
 17 11 53
 48 31 53
 41 51 53
 113 71 53
 66 91 53
 72 21 53
 26 41 53
 39 71 53
 39 71 53
 23 1 53
 162 21 53
 -58 41 53
 102 61 53
 97 81 53
 6 1 53
 -30 31 53
 -30 31 53
 -22 61 53
 17 81 53
 9 3 53
 98 21 53
 19 58 50
 70 81 50
 70 81 50
 146 21 50
 6 41 50
 26 71 50
 35 79 50
 90 21 50
 43 41 50
 24 56 50
 6 91 50
 57 11 50
 26 31 50
 18 51 50
 20 91 50
 20 91 50
 -4 21 50
 26 41 50
 -4 61 50
 32 1 50
 55 31 50
 -3 51 50
 -10 80 51
 23 10 51
 56 40 51
 -101 60 51
 164 80 51
 497 0 51
 18 10 51
 -275 40 51
 -65 60 51
 -21 85 51
 -86 0 51
 -36 30 51
 -43 40 51
 -40 60 51
 58 90 51
 61 30 51
 83 50 51
 28 70 51
 43 90 51
 57 10 51
 68 40 51
 74 60 51
 24 80 51
 65 0 53
 24 30 53
 40 60 53
 38 70 53
 80 10 53
 42 30 53
 -1 50 53
 38 70 53
 -3 10 53
 39 30 53
 38 44 53
 -22 80 53
 162 90 53
 266 20 53
 148 40 53
 -125 60 53
 -75 80 53
 -75 80 53
 -66 30 53
 -8 50 53
 -54 70 53
 37 8 30
 51 29 30
 66 49 30
 92 69 30
 54 89 30
 40 9 30
 58 39 30
 26 69 30
 42 89 30
 42 89 30
 37 29 30
 16 59 30
 27 79 30
 4 99 30
 54 19 30
 41 39 30
 37 59 30
 267 89 30
 -83 9 30
 233 29 30
 -93 49 30
 -76 79 30
 -8 9 30
 -8 9 30
 -8 49 40
 -21 59 40
 -3 89 40
 27 9 40
 51 39 40
 85 69 40
 41 89 40
 56 9 40
 58 29 40
 7 49 40
 34 69 40
 -13 89 40
 36 29 40
 -46 49 40
 87 69 40
 65 89 40
 65 19 40
 58 39 40
 9 59 40
 43 79 40
 42 99 40
 56 19 40
 -11 41 44
 182 78 44
 -18 98 44
 97 18 44
 -23 48 44
 -42 78 44
 -25 98 44
 27 18 44
 44 38 44
 75 48 44
 39 88 44
 23 98 44
 40 28 44
 -40 48 44
 61 68 44
 54 88 44
 64 8 44
 32 38 44
 26 58 44
 45 78 44
 25 98 44
 12 18 44
 34 38 44
 22 58 50
 38 88 50
 43 8 50
 83 38 50
 92 58 50
 230 78 50
 118 98 50
 115 18 50
 -113 58 50
 144 68 50
 68 98 50
 -42 18 50
 -18 38 50
 -41 58 50
 17 78 50
 4 98 50
 84 18 50
 55 48 50
 57 68 50
 60 88 50
 80 8 50
 34 28 50
 41 51 50
 -9 85 74
 38 7 74
 35 27 74
 54 47 74
 57 67 74
 48 87 74
 26 17 74
 26 17 74
 21 57 74
 97 77 74
 197 97 74
 136 27 74
 -21 57 74
 58 77 74
 -13 97 74
 -26 17 74
 70 37 74
 -9 67 74
 -27 87 74
 52 17 74
 38 27 74
 38 57 74
 58 77 74
 81 97 66
 -6 17 66
 21 57 66
 52 77 66
 17 87 66
 57 17 66
 18 37 66
 -19 57 66
 66 77 66
 16 7 66
 38 37 66
 38 37 66
 -22 67 66
 -102 97 66
 339 27 66
 -4 47 66
 0 67 66
 -55 87 66
 -17 17 66
 -9 37 66
 57 73 66
 49 95 66
 57 16 48
 60 36 48
 60 56 48
 -1 85 48
 86 16 48
 86 16 48
 80 51 48
 64 86 48
 36 6 48
 8 26 48
 34 56 48
 72 76 48
 42 96 48
 42 16 48
 36 36 48
 65 56 48
 70 86 48
 49 6 48
 49 26 48
 52 46 48
 246 66 48
 51 86 48
 -98 6 48
 -98 6 48
 -120 46 51
 21 86 51
 10 96 51
 -66 26 51
 21 36 51
 65 66 51
 61 76 51
 43 96 51
 53 16 51
 18 36 51
 74 56 51
 52 76 51
 68 6 51
 68 6 51
 70 16 51
 32 66 51
 11 86 51
 43 6 51
 22 26 51
 99 46 51
 20 66 51
 11 86 51
 43 6 51
 18 26 51
 32 45 47
 71 65 47
 3 85 47
 72 5 47
 36 35 47
 36 35 47
 -9 65 47
 -2 85 47
 26 5 47
 27 25 47
 -8 45 47
 51 75 47
 12 95 47
 51 15 47
 10 45 47
 44 65 47
 44 75 47
 -12 5 47
 178 25 47
 41 45 47
 41 45 47
 -4 46 47
 39 85 47
 9 14 47
 50 35 47
 -14 65 53
 2 85 53
 -57 5 53
 -57 5 53
 -14 35 53
 65 55 53
 57 75 53
 80 95 53
 75 15 53
 42 45 53
 6 55 53
 80 65 53
 35 5 53
 48 25 53
 77 45 53
 9 75 53
 8 5 53
 26 15 53
 42 45 53
 24 55 53
 58 75 53
 -40 5 53
 60 25 53
 26 35 53
 58 64 67
 58 64 67
 265 90 67
 401 4 67
 -173 34 67
 83 54 67
 -142 74 67
 -12 4 67
 -12 24 67
 28 54 67
 -3 74 67
 56 94 67
 16 14 67
 137 34 67
 28 54 67
 92 74 67
 92 74 67
 45 4 67
 28 34 67
 55 57 67
 1 84 67
 -14 94 67
 48 24 67
 33 34 67
 29 44 67
 42 64 67
 24 84 67
 28 24 67
 50 44 67
 57 64 67
 68 74 67
 33 94 67
 33 94 67
 23 34 67
 45 54 67
 41 74 67
 -18 94 67
 27 14 67
 372 34 67
 236 54 67
 -83 74 67
 1 94 67
 -21 14 67
 -44 34 67
 -42 44 67
 8 74 67
 64 94 67
 49 4 67
 42 34 67
 130 54 67
 21 74 67
 89 91 67
 55 3 70
 39 23 70
 21 53 70
 26 83 70
 -20 3 70
 38 23 70
 42 33 70
 64 63 70
 71 83 70
 4 3 70
 35 19 70
 58 43 70
 28 63 70
 38 83 70
 48 3 70
 38 23 70
 -27 33 70
 27 63 70
 59 93 70
 67 13 70
 179 33 70
 -115 63 70
 20 93 70
 -27 13 66
 -66 33 66
 -56 63 66
 7 83 66
 -5 23 66
 20 43 66
 9 63 66
 9 63 66
 43 83 66
 51 13 66
 65 43 66
 61 63 66
 58 83 66
 39 13 66
 26 23 66
 80 33 66
 76 63 66
 36 83 66
 -4 3 66
 34 23 66
 -4 43 66
 19 63 66
 66 93 66
 66 93 66
 36 42 64
 22 62 64
 -98 82 64
 279 2 64
 182 22 64
 -59 42 64
 -73 72 64
 -82 84 64
 -22 12 64
 -72 22 64
 81 52 64
 0 72 64
 19 92 64
 48 12 64
 40 22 64
 45 52 64
 69 66 64
 54 92 64
 49 11 64
 34 32 64
 2 52 64
 2 52 64
 73 82 64
 6 12 64
 35 32 64
 8 52 66
 54 72 66
 -6 90 66
 61 12 66
 38 42 66
 21 62 66
 50 92 66
 -13 12 66
 10 32 66
 40 52 66
 54 72 66
 33 92 66
 225 32 66
 -145 52 66
 -122 72 66
 135 92 66
 118 12 66
 24 32 66
 8 52 66
 -27 72 66
 -10 82 66
 -33 12 66
 32 31 66
 -3 52 66
 74 81 61
 74 81 61
 73 11 61
 60 31 61
 96 71 61
 22 81 61
 23 11 61
 36 31 61
 36 31 61
 56 61 61
 -2 81 61
 70 21 61
 87 31 61
 0 61 61
 53 81 61
 53 81 61
 55 41 61
 66 61 61
 37 81 61
 133 1 61
 153 21 61
 170 41 61
 84 71 61
 -227 91 64
 -10 31 64
 83 51 64
 43 71 64
 22 1 64
 96 21 64
 56 51 64
 9 71 64
 58 91 64
 26 21 64
 70 38 64
 35 61 64
 71 93 64
 34 21 64
 2 41 64
 12 61 64
 64 81 64
 27 1 64
 52 11 64
 -9 41 64
 36 61 64
 -36 0 69
 60 20 69
 7 40 69
 24 60 69
 344 70 69
 247 97 69
 -34 30 69
 20 50 69
 -40 84 69
 104 10 69
 104 10 69
 -38 20 69
 -4 60 69
 -20 90 69
 -6 20 69
 49 40 69
 83 60 69
 75 80 69
 26 0 69
 18 20 69
 21 60 69
 40 80 69
 41 0 69
 20 20 78
 48 40 78
 48 40 78
 32 0 78
 23 20 78
 18 30 78
 26 70 78
 -98 90 78
 23 0 78
 35 40 78
 11 60 78
 38 80 78
 38 10 78
 41 20 78
 33 40 78
 19 70 78
 29 0 78
 -12 20 78
 69 50 78
 10 70 78
 50 90 78
 -19 0 78
 57 29 93
 105 69 93
 176 89 93
 35 19 93
 -13 49 93
 -13 49 93
 -35 99 93
 76 19 93
 56 59 93
 35 65 93
 28 99 93
 34 19 93
 80 39 93
 1 59 93
 39 79 93
 33 99 93
 -12 19 93
 22 39 93
 54 59 93
 51 89 93
 45 9 93
 29 29 93
 29 29 93
 37 69 80
 16 9 80
 122 29 80
 105 49 80
 -106 69 80
 -11 72 80
 280 9 80
 -124 29 80
 -25 49 80
 13 69 80
 80 79 80
 168 9 80
 88 29 80
 18 49 80
 -7 69 80
 -7 69 80
 22 99 80
 26 23 80
 -8 49 80
 24 79 80
 60 99 80
 49 19 80
 25 39 80
 18 58 64
 43 78 64
 67 98 64
 35 18 64
 64 48 64
 -18 68 64
 13 98 64
 13 98 64
 27 33 64
 97 68 64
 122 88 64
 -155 18 64
 258 48 64
 -27 68 64
 34 88 64
 8 98 64
 11 28 64
 102 48 64
 122 68 64
 43 88 64
 29 8 64
 25 38 64
 11 48 64
 54 88 50
 66 8 50
 11 28 50
 -13 48 50
 26 74 50
 43 8 50
 43 8 50
 52 48 50
 12 68 50
 91 98 50
 50 28 50
 4 48 50
 26 68 50
 26 68 50
 44 28 50
 7 48 50
 19 68 50
 -2 88 50
 22 8 50
 32 38 50
 221 68 50
 407 87 54
 -41 27 54
 -50 37 54
 39 67 54
 -188 77 54
 -69 87 54
 -21 1 54
 75 57 54
 75 77 54
 65 87 54
 48 16 54
 38 27 54
 35 57 54
 29 77 54
 3 97 54
 3 97 54
 37 17 54
 44 37 54
 26 57 54
 -2 77 54
 -2 77 54
 -1 97 54
 45 27 54
 40 37 54
 25 67 54
 34 87 54
 51 17 74
 74 37 74
 74 37 74
 49 67 74
 -38 87 74
 84 7 74
 179 27 74
 64 47 74
 -24 67 74
 -257 87 74
 -33 7 74
 -7 27 74
 -84 47 74
 -44 57 74
 34 67 74
 42 7 74
 68 27 74
 57 47 74
 24 77 74
 -2 87 74
 51 17 74
 27 37 74
 11 57 74
 33 77 74
 34 7 74
 28 15 74
 51 56 69
 -8 66 69
 83 86 69
 0 16 69
 38 56 69
 38 56 69
 27 96 69
 108 26 69
 120 48 69
 128 59 69
 267 78 69
 -62 16 69
 -62 16 69
 36 65 69
 23 86 69
 -12 6 69
 43 26 69
 24 36 69
 36 66 69
 35 76 69
 85 16 69
 57 46 67
 26 66 67
 -18 86 67
 97 6 67
 55 26 67
 74 56 67
 32 76 67
 12 16 67
 39 26 67
 44 46 67
 -11 86 67
 56 96 67
 33 36 67
 70 56 67
 19 76 67
 50 96 67
 28 16 67
 -3 36 67
 56 50 67
 49 86 67
 41 6 67
 4 16 67
 29 40 67
 -14 65 63
 17 85 63
 17 85 63
 -17 95 63
 81 35 63
 56 55 63
 81 75 63
 -13 95 63
 27 15 63
 18 35 63
 54 55 63
 88 75 63
 33 5 63
 24 35 63
 24 35 63
 68 75 63
 55 85 63
 -24 5 63
 -4 15 63
 54 45 63
 44 65 63
 41 85 63
 33 5 63
 -58 45 63
 58 63 63
 12 95 54
 11 5 54
 100 35 54
 230 55 54
 76 65 54
 113 95 54
 73 15 54
 73 15 54
 76 45 54
 76 45 54
 1 85 54
 21 5 54
 28 45 54
 25 55 54
 84 75 54
 -8 95 54
 44 24 54
 71 35 54
 17 65 54
 57 75 54
 16 5 54
 17 25 54
 17 25 54
 9 55 54
 8 75 54
 8 75 54
 12 14 70
 64 34 70
 71 54 70
 2 74 70
 36 94 70
 36 14 70
 20 34 70
 54 64 70
 25 84 70
 44 14 70
 44 14 70
 85 34 70
 107 64 70
 268 94 70
 -46 4 70
 3 24 70
 5 54 70
 26 74 70
 51 94 70
 51 94 70
 7 34 70
 9 54 70
 21 74 70
 40 2 70
 23 34 70
 65 44 70
 21 74 70
 57 4 70
 35 24 70
 29 34 70
 29 44 70
 11 74 70
 56 94 70
 18 4 70
 56 34 70
 22 54 70
 57 74 70
 -46 94 70
 60 14 70
 25 44 70
 97 54 70
 58 74 70
 6 4 70
 -9 24 70
 117 44 70
 168 64 70
 251 84 70
 3 4 70
 -132 23 56
 144 43 56
 58 63 56
 35 3 56
 5 23 56
 17 33 56
 43 63 56
 10 83 56
 23 88 56
 90 23 56
 59 43 56
 49 63 56
 9 83 56
 49 3 56
 49 3 56
 72 23 56
 12 53 56
 13 82 56
 53 13 56
 92 33 56
 17 53 56
 32 73 56
 -56 83 56
 57 13 56
 57 13 56
 75 38 56
 36 63 56
 10 93 56
 29 13 56
 43 33 56
 43 33 56
 43 43 56
 22 83 56
 12 3 56
 28 33 56
 -129 63 56
 1 83 56
 1 83 56
 -69 23 56
 -69 23 56
 -17 53 56
 -19 79 56
 28 3 56
 42 23 56
 88 43 56
 88 43 56
 74 73 56
 54 93 56
 48 23 56
 90 42 56
 -1 72 48
 -24 2 48
 -24 2 48
 -21 32 48
 39 52 48
 75 72 48
 81 92 48
 59 12 48
 82 22 48
 17 62 48
 39 65 48
 4 92 48
 28 29 48
 39 42 48
 -21 72 48
 43 85 48
 52 12 48
 52 12 48
 124 42 48
 36 72 48
 -132 2 48
 -148 22 48
 -74 42 48
 -169 59 48
 37 82 53
 38 2 53
 39 22 53
 -11 42 53
 -11 42 53
 12 82 53
 42 2 53
 45 22 53
 45 22 53
 28 52 53
 36 72 53
 3 2 53
 26 22 53
 -11 42 53
 6 62 53
 26 82 53
 26 82 53
 45 12 53
 12 32 53
 54 65 53
 37 72 53
 64 12 53
 22 22 53
 27 32 53
 -45 62 53
 55 91 64
 101 11 64
 404 31 64
 97 51 64
 165 71 64
 104 91 64
 181 8 64
 -17 21 64
 -121 41 64
 42 81 64
 80 1 64
 80 1 64
 45 41 64
 45 41 64
 54 81 64
 9 1 64
 -2 21 64
 26 55 64
 81 81 64
 59 93 64
 22 1 64
 23 31 64
 16 51 64
 26 91 64
 17 11 63
 6 31 63
 6 31 63
 41 61 63
 37 1 63
 -9 31 63
 -9 51 63
 65 71 63
 70 81 63
 123 4 63
 -30 11 63
 113 41 63
 51 61 63
 -2 71 63
 16 91 63
 -65 11 63
 82 21 63
 58 41 63
 -1 61 63
 11 71 63
 67 21 63
 23 51 63
 23 71 63
 -19 91 63
 44 7 63
 57 30 50
 6 50 50
 58 70 50
 19 90 50
 75 30 50
 77 50 50
 41 70 50
 21 90 50
 8 20 50
 40 40 50
 -2 60 50
 60 80 50
 40 0 50
 33 40 50
 24 58 50
 27 80 50
 20 0 50
 35 40 50
 68 70 50
 10 0 50
 72 20 50
 72 20 50
 100 60 54
 -102 80 54
 -36 0 54
 -60 40 54
 -66 50 54
 -18 70 54
 -39 0 54
 -59 20 54
 -41 40 54
 -5 50 54
 49 80 54
 32 90 54
 80 10 54
 45 40 54
 48 70 54
 61 80 54
 25 0 54
 43 40 54
 40 50 54
 51 60 54
 32 80 54
 -36 0 54
 8 20 54
 24 49 50
 1 79 50
 71 99 50
 26 19 50
 26 19 50
 25 39 50
 57 59 50
 44 79 50
 44 99 50
 28 9 50
 -9 29 50
 38 49 50
 -56 69 50
 10 99 50
 17 9 50
 43 21 50
 72 39 50
 39 59 50
 5 79 50
 59 89 50
 36 9 50
 199 34 50
 34 69 50
 34 69 50
 51 99 50
 -21 19 50
 26 39 50
 22 50 50
 0 79 61
 -5 89 61
 23 19 61
 33 39 61
 39 49 61
 -4 69 61
 68 89 61
 8 9 61
 67 29 61
 65 39 61
 45 59 61
 40 79 61
 40 99 61
 16 19 61
 -2 39 61
 27 59 61
 27 79 61
 42 89 61
 38 19 61
 21 39 61
 20 53 61
 50 79 61
 19 89 61
 57 99 61
 7 19 61
 54 39 61
 54 39 61
 12 78 84
 21 98 84
 34 18 84
 8 38 84
 45 58 84
 51 68 84
 51 85 84
 13 8 84
 13 8 84
 11 28 84
 1 48 84
 40 68 84
 26 88 84
 64 8 84
 37 28 84
 28 48 84
 28 48 84
 41 77 84
 41 88 84
 61 18 84
 -7 38 84
 22 48 84
 139 78 84
 2 98 84
 20 8 84
 20 8 84
 24 48 84
 35 58 84
 5 78 84
 -11 98 78
 -4 18 78
 52 38 78
 68 58 78
 -8 78 78
 36 98 78
 33 18 78
 19 38 78
 38 48 78
 66 68 78
 48 88 78
 25 8 78
 20 28 78
 20 28 78
 35 38 78
 34 78 78
 33 94 78
 25 8 78
 51 38 78
 51 38 78
 6 58 78
 -11 78 78
 20 8 78
 25 28 78
 25 28 78
 65 48 78
 24 68 78
 27 88 78
 45 7 78
 59 27 78
 -49 37 78
 41 67 78
 29 77 78
 71 7 78
 20 27 78
 49 47 78
 20 67 78
 40 87 78
 40 87 78
 28 17 78
 42 37 78
 10 57 78
 57 77 78
 8 97 78
 -52 17 78
 137 37 78
 137 37 78
 -36 77 78
 32 97 78
 56 17 78
 5 37 78
 32 57 78
 9 77 78
 9 77 78
 10 97 78
 57 27 78
 44 37 78
 17 57 78
 48 77 78
 1 87 78
 173 7 78
 128 27 78
 52 47 78
 -147 57 78
 133 87 78
 -110 7 78
 10 27 78
 -11 37 78
 2 7 78
 -22 17 78
 39 37 78
 28 70 78
 -5 87 78
 88 97 78
 80 17 78
 56 37 78
 43 67 78
 43 67 78
 22 72 78
 58 56 61
 41 66 61
 41 66 61
 58 86 61
 8 16 61
 3 36 61



# name: <cell-element>
# type: matrix
# rows: 1839
# columns: 3
 6 89 0
 37 17 0
 64 37 0
 6 57 0
 1 87 0
 0 97 0
 -4 17 0
 27 47 0
 53 67 0
 51 87 0
 22 7 0
 76 27 0
 -12 47 0
 -27 67 0
 -27 67 0
 20 97 0
 20 17 0
 20 17 0
 10 47 0
 57 67 0
 50 96 0
 18 16 0
 18 16 0
 -10 26 0
 26 56 0
 39 86 0
 59 16 0
 59 16 0
 41 36 0
 -1 56 0
 2 76 0
 88 6 0
 -8 26 0
 -8 26 0
 9 46 0
 -12 66 0
 -23 6 0
 22 26 0
 32 46 0
 55 66 0
 -4 76 0
 6 86 0
 34 26 0
 34 26 0
 124 46 0
 300 66 0
 26 86 0
 -382 8 0
 -54 46 0
 -54 46 0
 -6 66 0
 45 86 0
 81 6 0
 65 36 0
 109 46 0
 40 76 0
 -2 96 0
 54 16 0
 40 36 0
 40 36 0
 41 66 0
 38 76 0
 22 6 0
 58 26 0
 -34 46 0
 11 66 0
 11 66 0
 12 96 0
 42 26 0
 21 36 0
 26 56 0
 36 86 0
 11 6 0
 35 25 30
 -8 45 30
 25 65 30
 23 95 30
 16 5 30
 16 5 30
 19 55 30
 50 75 30
 52 95 30
 21 5 30
 49 25 30
 11 45 30
 85 65 30
 56 75 30
 102 95 30
 45 25 30
 442 55 30
 37 75 30
 37 75 30
 -278 5 30
 -41 25 30
 -41 25 30
 -41 25 30
 32 75 30
 117 95 30
 99 23 30
 50 40 13
 34 65 13
 34 85 13
 34 85 13
 53 25 13
 40 45 13
 -5 65 13
 59 85 13
 33 5 13
 64 25 13
 -61 41 13
 13 45 13
 90 75 13
 48 95 13
 17 15 13
 66 35 13
 -9 55 13
 34 75 13
 26 95 13
 20 35 13
 52 65 13
 20 79 13
 32 5 13
 108 25 13
 34 44 16
 34 44 16
 66 74 16
 24 94 16
 34 19 16
 54 39 16
 56 55 16
 -5 78 16
 17 0 16
 40 24 16
 482 54 16
 -279 74 16
 -477 94 16
 36 14 16
 230 34 16
 248 54 16
 248 54 16
 128 84 16
 77 4 16
 54 24 16
 3 44 16
 -1 84 16
 48 95 16
 69 4 16
 -5 34 16
 58 44 16
 -6 74 24
 26 4 24
 42 24 24
 38 44 24
 48 64 24
 48 64 24
 42 94 24
 -22 14 24
 29 34 24
 80 64 24
 49 94 24
 -10 14 24
 28 34 24
 28 54 24
 40 74 24
 29 94 24
 7 14 24
 70 54 24
 328 74 24
 328 74 24
 -109 4 24
 -66 34 24
 48 64 24
 -18 83 50
 81 3 50
 43 23 50
 49 43 50
 24 63 50
 17 83 50
 20 3 50
 32 23 50
 101 43 50
 -54 63 50
 52 83 50
 83 93 50
 2 13 50
 20 33 50
 41 53 50
 49 73 50
 56 93 50
 28 23 50
 12 33 50
 109 53 50
 -27 73 50
 35 3 50
 82 23 50
 32 43 50
 -2 63 50
 22 93 87
 22 93 87
 9 33 87
 45 53 87
 -14 73 87
 49 83 87
 262 93 87
 416 33 87
 -321 53 87
 -321 53 87
 -375 73 87
 97 3 87
 136 29 87
 77 63 87
 73 83 87
 44 3 87
 104 23 87
 68 43 87
 24 73 87
 16 3 87
 117 23 87
 57 43 87
 -23 63 87
 -23 63 87
 56 73 87
 17 22 94
 90 42 94
 39 62 94
 -8 82 94
 8 2 94
 -8 22 94
 70 34 94
 7 72 94
 27 92 94
 43 12 94
 -2 32 94
 11 52 94
 85 72 94
 85 72 94
 4 12 94
 84 32 94
 32 42 94
 273 72 94
 -180 90 94
 152 12 94
 -327 15 94
 -21 62 94
 25 82 94
 65 2 94
 48 3 94
 60 32 94
 49 62 94
 50 82 94
 55 2 94
 50 22 94
 21 42 94
 -12 62 94
 84 82 94
 102 2 94
 58 12 94
 -11 32 94
 -3 62 94
 28 92 94
 48 12 94
 40 32 94
 -1 42 94
 -24 62 94
 22 82 94
 40 2 94
 48 22 94
 53 42 94
 48 82 94
 13 92 94
 17 32 94
 25 51 83
 25 51 83
 32 81 83
 76 21 83
 8 41 83
 70 61 83
 33 81 83
 -341 1 83
 -327 21 83
 55 41 83
 150 71 83
 120 81 83
 96 4 83
 26 21 83
 75 53 83
 26 61 83
 68 91 83
 28 11 83
 -10 31 83
 84 51 83
 27 71 83
 25 1 83
 -4 21 83
 50 31 83
 86 61 61
 25 91 61
 6 11 61
 49 31 61
 -33 51 61
 33 71 61
 58 81 61
 36 11 61
 37 41 61
 12 61 61
 51 81 61
 28 1 61
 -5 21 61
 52 41 61
 -9 61 61
 22 92 61
 24 21 61
 4 41 61
 26 61 61
 -50 81 61
 -50 81 61
 -50 81 61
 -171 31 61
 -199 51 61
 -118 67 61
 -22 90 38
 72 20 38
 38 40 38
 38 40 38
 56 90 38
 52 10 38
 102 30 38
 43 50 38
 40 70 38
 16 90 38
 39 10 38
 39 10 38
 -3 40 38
 -18 70 38
 39 0 38
 71 20 38
 26 40 38
 41 60 38
 84 80 38
 7 0 38
 27 20 38
 34 40 38
 55 70 38
 32 90 34
 85 10 34
 -20 40 34
 -20 40 34
 11 70 34
 -11 90 34
 53 10 34
 36 30 34
 102 50 34
 134 70 34
 -151 0 34
 -291 20 34
 -6 50 34
 166 70 34
 179 90 34
 108 10 34
 42 30 34
 35 60 34
 48 80 34
 49 0 34
 22 20 34
 3 46 34
 21 80 34
 21 80 34
 54 19 47
 -7 39 47
 37 59 47
 13 79 47
 34 99 47
 -17 19 47
 25 39 47
 34 59 47
 20 95 47
 84 19 47
 26 29 47
 11 49 47
 13 72 47
 71 89 47
 41 20 47
 25 49 47
 38 69 47
 -77 89 47
 417 9 47
 -473 29 47
 -1387 49 47
 -798 69 47
 420 89 47
 823 9 47
 523 38 70
 120 69 70
 68 89 70
 72 9 70
 -29 29 70
 -51 49 70
 -12 69 70
 -7 90 70
 12 29 70
 -3 49 70
 -3 49 70
 45 79 70
 13 99 70
 -7 39 70
 6 59 70
 40 74 70
 23 99 70
 11 9 70
 25 29 70
 36 59 70
 21 69 70
 26 89 70
 22 9 70
 36 29 70
 48 63 93
 -340 98 93
 -330 18 93
 -97 38 93
 81 58 93
 112 78 93
 83 98 93
 48 18 93
 19 48 93
 52 68 93
 11 88 93
 61 8 93
 34 28 93
 39 48 93
 28 68 93
 65 98 93
 39 18 93
 -19 38 93
 53 58 93
 23 78 93
 35 18 93
 8 28 93
 18 38 93
 2 78 96
 83 98 96
 116 18 96
 156 48 96
 523 68 96
 -915 88 96
 162 18 96
 466 38 96
 405 48 96
 73 88 96
 25 8 96
 -27 28 96
 37 48 96
 38 68 96
 44 88 96
 9 8 96
 23 28 96
 36 58 96
 9 88 96
 1 98 96
 12 18 96
 64 38 96
 -33 58 96
 65 87 91
 18 17 91
 -1 47 91
 49 57 91
 10 87 91
 22 7 91
 65 27 91
 11 47 91
 26 77 91
 60 97 91
 56 7 91
 75 57 91
 404 77 91
 21 97 91
 -417 27 91
 -90 57 91
 -90 57 91
 170 87 91
 231 7 91
 113 27 91
 58 57 91
 72 77 91
 41 6 84
 32 17 84
 11 47 84
 -41 77 84
 20 7 84
 33 27 84
 -13 47 84
 44 67 84
 44 67 84
 11 7 84
 6 27 84
 391 57 84
 114 79 84
 -297 7 84
 -229 27 84
 -229 27 84
 -39 57 84
 68 87 84
 80 17 84
 82 37 84
 55 47 84
 53 52 84
 48 87 84
 48 87 84
 60 16 83
 151 46 83
 -7 66 83
 75 76 83
 16 96 83
 -11 16 83
 50 36 83
 51 66 83
 -18 86 83
 42 96 83
 57 26 83
 39 46 83
 56 66 83
 56 66 83
 37 92 83
 72 16 83
 588 36 83
 32 66 83
 -325 86 83
 -567 96 83
 -105 16 83
 82 26 83
 169 46 83
 114 76 83
 24 96 83
 19 16 64
 19 16 64
 17 36 64
 37 76 64
 23 96 64
 19 6 64
 -29 36 64
 17 56 64
 36 76 64
 12 96 64
 35 16 64
 56 36 64
 12 46 64
 35 66 64
 19 96 64
 4 16 64
 49 36 64
 58 56 64
 19 76 64
 60 96 64
 -12 16 64
 8 36 64
 39 46 64
 310 66 64
 -407 86 64
 59 6 64
 25 26 64
 276 55 67
 195 85 67
 195 85 67
 86 15 67
 67 35 67
 -9 55 67
 3 75 67
 3 95 67
 36 15 67
 1 35 67
 1 35 67
 -22 55 67
 -20 75 67
 22 5 67
 12 35 67
 73 55 67
 3 75 67
 11 85 67
 68 5 67
 75 15 67
 87 45 67
 40 65 67
 -6 95 67
 32 25 67
 34 35 67
 54 43 67
 27 69 61
 64 85 61
 781 25 61
 490 37 61
 -294 65 61
 204 85 61
 194 5 61
 279 25 61
 260 45 61
 236 55 61
 71 75 61
 77 95 61
 53 15 61
 -19 35 61
 11 55 61
 1 75 61
 35 95 61
 -61 15 61
 5 45 61
 6 55 61
 45 85 61
 35 14 61
 56 25 61
 19 45 61
 42 74 35
 39 94 35
 91 4 35
 24 24 35
 28 44 35
 -11 64 35
 12 94 35
 37 14 35
 12 34 35
 45 54 35
 -18 74 35
 53 94 35
 33 14 35
 33 14 35
 42 44 35
 32 64 35
 53 84 35
 22 4 35
 42 24 35
 64 34 35
 8 74 35
 35 94 35
 26 14 35
 2 34 35
 11 37 35
 10 74 35
 57 94 51
 89 14 51
 326 34 51
 269 54 51
 -9 74 51
 -121 14 51
 -69 16 51
 103 54 51
 88 63 51
 32 84 51
 24 4 51
 41 34 51
 22 44 51
 11 64 51
 23 84 51
 25 4 51
 29 24 51
 85 44 51
 1 84 51
 80 4 51
 12 24 51
 37 44 51
 39 64 51
 10 84 51
 42 13 47
 113 43 47
 23 63 47
 12 73 47
 77 93 47
 17 13 47
 -14 43 47
 -14 43 47
 10 73 47
 17 3 47
 -38 23 47
 74 43 47
 19 63 47
 -49 83 47
 -343 3 47
 -380 13 47
 1 43 47
 205 63 47
 141 83 47
 38 23 47
 28 43 47
 18 63 47
 18 63 47
 41 83 47
 -40 3 47
 52 33 44
 3 63 44
 71 83 44
 45 3 44
 39 23 44
 59 43 44
 64 63 44
 5 73 44
 12 3 44
 5 19 44
 5 33 44
 -10 63 44
 -10 63 44
 21 3 44
 6 23 44
 18 43 44
 -18 63 44
 244 83 44
 106 3 44
 -305 23 44
 -125 33 44
 82 55 44
 43 73 44
 53 13 44
 71 32 77
 32 52 77
 64 72 77
 67 82 77
 67 82 77
 -1 22 77
 0 42 77
 36 62 77
 -52 82 77
 40 2 77
 50 22 77
 27 42 77
 73 72 77
 36 2 77
 -7 12 77
 -8 32 77
 4 64 77
 87 2 77
 71 12 77
 41 52 77
 49 72 77
 -6 92 77
 -50 12 77
 38 32 77
 8 52 88
 23 92 88
 37 12 88
 29 32 88
 29 32 88
 66 62 88
 20 92 88
 67 2 88
 -13 32 88
 20 52 88
 24 72 88
 19 92 88
 -10 22 88
 41 42 88
 29 52 88
 134 62 88
 56 2 88
 -49 22 88
 89 42 88
 -265 62 88
 -82 72 88
 -87 12 88
 -87 12 88
 251 61 84
 277 71 84
 145 1 84
 72 21 84
 57 41 84
 25 61 84
 25 61 84
 0 71 84
 -5 21 84
 4 51 84
 48 61 84
 21 91 84
 21 91 84
 41 1 84
 7 51 84
 16 71 84
 40 91 84
 38 11 84
 35 31 84
 68 51 84
 -13 71 84
 36 11 84
 49 31 84
 9 51 84
 27 71 84
 58 91 74
 48 11 74
 26 31 74
 90 41 74
 -2 81 74
 17 1 74
 23 21 74
 23 51 74
 -3 81 74
 42 91 74
 42 91 74
 49 21 74
 52 51 74
 61 71 74
 306 1 74
 407 21 74
 89 41 74
 89 41 74
 -985 51 74
 172 91 74
 324 11 74
 180 39 74
 12 71 74
 4 87 74
 13 10 70
 -21 30 70
 -6 50 70
 1 70 70
 51 90 70
 3 10 70
 17 30 70
 32 50 70
 19 60 70
 -17 90 70
 51 20 70
 29 40 70
 56 60 70
 71 80 70
 37 0 70
 -41 20 70
 18 60 70
 26 80 70
 1 0 70
 10 20 70
 29 40 70
 67 50 70
 137 70 70
 43 90 70
 124 30 48
 -241 50 48
 -568 70 48
 -156 90 48
 201 10 48
 250 30 48
 75 50 48
 25 70 48
 8 90 48
 11 30 48
 6 50 48
 61 70 48
 67 80 48
 51 20 48
 26 40 48
 18 60 48
 21 80 48
 3 0 48
 38 20 48
 -65 40 48
 58 60 48
 18 88 48
 22 19 48
 9 39 50
 -2 59 50
 21 79 50
 66 99 50
 19 19 50
 96 59 50
 96 59 50
 -11 99 50
 27 9 50
 -123 29 50
 186 49 50
 128 69 50
 -185 89 50
 -332 9 50
 37 29 50
 34 49 50
 116 79 50
 105 9 50
 124 29 50
 -9 49 50
 33 60 50
 -2 89 50
 6 9 50
 10 19 50
 -11 49 75
 11 69 75
 29 99 75
 5 19 75
 0 39 75
 26 59 75
 16 79 75
 13 99 75
 21 19 75
 40 50 75
 56 79 75
 29 99 75
 -3 19 75
 -81 39 75
 -170 59 75
 -45 69 75
 -273 99 75
 44 19 75
 182 39 75
 221 59 75
 441 79 75
 122 9 75
 -5 19 75
 -26 49 75
 10 68 80
 4 8 80
 12 28 80
 43 48 80
 43 68 80
 13 88 80
 13 88 80
 61 28 80
 35 58 80
 22 78 80
 51 88 80
 38 8 80
 42 28 80
 9 58 80
 8 88 80
 53 18 80
 549 38 80
 556 58 80
 -705 78 80
 -540 98 80
 277 18 80
 519 48 80
 194 78 87
 18 98 87
 34 18 87
 38 38 87
 -1 48 87
 -27 78 87
 34 98 87
 -11 28 87
 3 48 87
 3 78 87
 38 98 87
 38 98 87
 13 28 87
 57 48 87
 44 78 87
 -9 98 87
 49 18 87
 54 38 87
 24 58 87
 51 88 87
 50 18 87
 53 38 87
 45 58 87
 60 78 87
 2 97 81
 11 17 81
 87 53 81
 21 77 81
 41 97 81
 37 27 81
 21 47 81
 21 67 81
 21 67 81
 0 9 81
 28 21 81
 40 47 81
 24 67 81
 40 97 81
 37 17 81
 37 17 81
 32 47 81
 296 77 81
 -40 7 81
 -40 7 81
 -244 37 81
 157 77 81
 157 77 81
 21 27 57
 33 47 57
 20 67 57
 74 87 57
 23 7 57
 26 27 57
 6 67 57
 69 87 57
 1 17 57
 3 43 57
 44 67 57
 99 87 57
 99 87 57
 54 27 57
 56 57 57
 -4 77 57
 2 97 57
 68 17 57
 32 37 57
 -6 47 57
 52 87 57
 25 98 57
 28 26 57
 26 46 57
 50 66 57
 90 94 57
 42 96 57
 24 36 57
 56 66 57
 33 86 57
 64 6 57
 -1 26 57
 35 46 57
 34 76 57
 20 3 57
 -33 26 57
 184 46 57
 184 46 57
 -110 66 57
 82 6 57
 82 6 57
 296 16 57
 -198 66 57
 -547 76 57
 86 6 57
 250 16 57
 139 46 53
 80 56 53
 67 66 53
 21 96 53
 -5 16 53
 52 36 53
 40 66 53
 39 86 53
 39 96 53
 45 16 53
 45 16 53
 27 66 53
 27 86 53
 57 6 53
 32 26 53
 26 46 53
 18 66 53
 55 76 53
 10 6 53
 21 26 53
 35 56 53
 23 76 53
 21 96 53
 -1 16 53
 19 26 53
 -3 65 57
 -3 65 57
 75 95 57
 -10 25 57
 60 55 57
 21 75 57
 58 95 57
 98 15 57
 57 35 57
 53 55 57
 427 75 57
 -417 15 57
 -518 35 57
 -244 45 57
 -209 65 57
 210 85 57
 419 95 57
 317 25 57
 99 45 57
 -10 65 57
 4 85 57
 5 95 57
 -21 25 57
 -8 45 57
 0 63 57
 20 85 41
 16 15 41
 -7 25 41
 49 55 41
 49 55 41
 13 85 41
 5 5 41
 11 25 41
 17 35 41
 26 55 41
 86 95 41
 20 15 41
 20 15 41
 60 39 41
 43 75 41
 50 95 41
 -40 5 41
 80 35 41
 37 55 41
 20 65 41
 82 85 41
 99 5 41
 347 27 41
 -297 45 41
 19 55 41
 -262 94 48
 113 14 48
 113 14 48
 104 44 48
 53 64 48
 53 84 48
 50 4 48
 20 24 48
 32 44 48
 6 64 48
 74 84 48
 19 4 48
 24 24 48
 -21 34 48
 4 64 48
 -33 75 48
 58 4 48
 40 14 48
 40 34 48
 34 54 48
 65 74 48
 36 4 48
 38 24 48
 -1 54 48
 50 74 48
 33 94 48
 -1 14 69
 41 54 69
 -8 74 69
 52 94 69
 48 14 69
 21 34 69
 -34 44 69
 71 74 69
 -26 94 69
 26 14 69
 406 34 69
 -370 74 69
 -119 94 69
 -119 94 69
 59 34 69
 69 54 69
 58 74 69
 85 94 69
 53 33 69
 33 54 69
 33 54 69
 -4 94 69
 32 11 69
 37 33 67
 54 54 67
 22 93 67
 19 13 67
 19 13 67
 5 53 67
 11 68 67
 34 93 67
 -10 13 67
 42 33 67
 3 53 67
 19 73 67
 12 93 67
 52 13 67
 7 33 67
 28 53 67
 35 73 67
 49 93 67
 -6 13 67
 -6 13 67
 27 43 67
 24 63 67
 -13 3 67
 35 13 67
 40 43 96
 12 63 96
 -21 67 96
 -9 93 96
 -251 23 96
 -251 23 96
 -37 63 96
 -164 83 96
 -43 3 96
 -283 23 96
 -249 33 96
 -83 53 96
 290 83 96
 249 3 96
 101 23 96
 83 33 96
 10 63 96
 36 73 96
 36 73 96
 57 23 96
 1 33 96
 34 63 96
 -35 79 96
 21 13 96
 40 33 96
 40 33 96
 76 72 78
 60 92 78
 27 12 78
 9 32 78
 7 52 78
 2 72 78
 52 92 78
 27 22 78
 53 42 78
 86 52 78
 24 72 78
 24 72 78
 27 22 78
 49 42 78
 49 42 78
 5 78 78
 112 2 78
 776 22 78
 -138 39 78
 -281 62 78
 -116 82 78
 225 2 78
 225 2 78
 55 32 78
 114 52 78
 114 72 57
 37 92 57
 25 12 57
 57 42 57
 -3 62 57
 22 92 57
 65 12 57
 0 22 57
 11 42 57
 16 62 57
 49 82 57
 59 2 57
 2 22 57
 41 52 57
 67 82 57
 53 2 57
 19 22 57
 13 42 57
 13 42 57
 26 72 57
 10 2 57
 -7 22 57
 66 42 57
 16 62 57
 58 91 75
 -8 21 75
 57 41 75
 58 61 75
 19 81 75
 37 1 75
 27 21 75
 70 41 75
 17 61 75
 -25 81 75
 -25 81 75
 32 21 75
 17 41 75
 1 61 75
 17 81 75
 32 11 75
 34 31 75
 34 31 75
 65 71 75
 84 91 75
 51 11 75
 38 31 75
 8 51 75
 7 81 75
 42 91 75
 48 1 84
 19 61 84
 3 81 84
 50 1 84
 9 21 84
 -45 41 84
 20 61 84
 -118 1 84
 -305 21 84
 -249 41 84
 99 61 84
 288 81 84
 177 1 84
 102 11 84
 54 31 84
 48 71 84
 -12 91 84
 10 11 84
 7 31 84
 -20 51 84
 8 91 84
 51 7 84
 36 30 96
 58 50 96
 2 70 96
 4 90 96
 54 10 96
 54 10 96
 74 50 96
 55 70 96
 5 0 96
 28 20 96
 55 40 96
 58 60 96
 -6 80 96
 17 10 96
 21 40 96
 88 60 96
 84 80 96
 -8 0 96
 49 20 96
 49 20 96
 60 50 96
 28 70 96
 36 90 96
 -1 10 96
 65 30 100
 58 60 100
 473 90 100
 473 90 100
 -135 30 100
 -163 50 100
 105 70 100
 103 79 100
 93 10 100
 25 30 100
 35 50 100
 29 70 100
 52 80 100
 54 0 100
 37 20 100
 25 40 100
 70 80 100
 40 0 100
 20 20 100
 13 30 100
 48 50 100
 84 90 100
 13 10 100
 55 30 100
 44 49 94
 44 49 94
 28 89 94
 12 19 94
 27 39 94
 55 59 94
 6 79 94
 10 89 94
 34 9 94
 -3 29 94
 33 49 94
 28 69 94
 16 89 94
 12 19 94
 29 49 94
 37 59 94
 4 89 94
 18 9 94
 16 28 94
 20 49 94
 76 69 94
 70 89 94
 11 99 94
 23 19 94
 1 39 94
 9 59 91
 45 99 91
 84 19 91
 6 39 91
 18 59 91
 59 79 91
 68 99 91
 5 19 91
 13 59 91
 27 79 91
 24 99 91
 22 29 91
 22 29 91
 18 69 91
 87 5 91
 1113 29 91
 -41 49 91
 418 69 91
 -1115 89 91
 -616 9 91
 436 43 91
 539 69 91
 678 88 96
 647 8 96
 264 28 96
 42 48 96
 -24 68 96
 -133 88 96
 -65 18 96
 -75 48 96
 16 58 96
 -21 88 96
 -21 88 96
 35 18 96
 -20 38 96
 24 75 96
 -6 88 96
 26 98 96
 49 38 96
 49 38 96
 50 78 96
 35 98 96
 21 18 96
 -56 48 96
 32 78 96
 61 98 87
 61 98 87
 48 38 87
 33 58 87
 90 78 87
 44 98 87
 22 18 87
 36 38 87
 48 58 87
 48 88 87
 -244 8 87
 49 28 87
 -1158 58 87
 -89 88 87
 612 8 87
 612 8 87
 681 38 87
 64 78 87
 7 98 87
 -68 18 87
 -76 38 87
 -21 58 87
 -19 78 87
 20 98 87
 19 37 83
 -19 57 83
 -19 57 83
 28 97 83
 7 27 83
 7 27 83
 29 57 83
 82 87 83
 26 7 83
 29 27 83
 16 57 83
 85 87 83
 38 7 83
 57 27 83
 59 47 83
 42 67 83
 39 87 83
 19 17 83
 17 37 83
 -51 57 83
 73 97 83
 43 17 83
 3 37 70
 23 57 70
 39 77 70
 20 97 70
 8 17 70
 -10 57 70
 48 77 70
 35 97 70
 17 17 70
 6 47 70
 32 77 70
 11 97 70
 10 17 70
 20 37 70
 23 77 70
 -8 97 70
 -8 97 70
 48 27 70
 5 47 70
 -3 87 70
 16 7 70
 -21 27 70
 18 46 53
 18 46 53
 9 66 53
 215 96 53
 233 16 53
 -323 36 53
 -131 56 53
 58 76 53
 22 16 53
 22 16 53
 71 46 53
 91 76 53
 36 96 53
 35 16 53
 54 46 53
 49 76 53
 49 76 53
 19 6 53
 26 26 53
 40 66 53
 18 86 53
 32 6 53
 9 26 53
 74 46 53
 9 76 53
 28 96 53
 54 16 53
 32 36 53
 10 56 53
 -4 76 53
 8 6 53
 8 6 53
 69 46 53
 36 66 53
 68 86 53
 22 6 53
 9 26 53
 48 36 53
 -18 66 53
 22 86 53
 67 6 53
 20 26 53
 54 46 53
 68 66 53
 -25 76 53
 -25 76 53
 56 96 53
 44 46 53
 23 56 53
 38 95 61
 84 5 61
 11 25 61
 60 45 61
 60 45 61
 -3 75 61
 -8 95 61
 55 15 61
 55 35 61
 26 72 61
 -23 81 61
 -7 95 61
 -7 25 61
 -71 45 61
 -148 65 61
 167 75 61
 -366 85 61
 -142 25 61
 42 55 61
 42 55 61
 225 85 61
 98 15 61
 98 15 61
 43 35 61
 76 60 61
 34 95 47
 17 15 47
 17 15 47
 -10 55 47
 21 75 47
 35 95 47
 66 15 47
 23 25 47
 40 55 47
 19 75 47
 19 75 47
 76 5 47
 43 25 47
 12 45 47
 43 65 47
 -37 95 47
 7 25 47
 7 25 47
 52 65 47
 40 75 47
 58 5 47
 -7 25 47
 24 45 47
 42 65 47
 25 75 47
 262 4 54
 166 24 54
 218 44 54
 -257 64 54
 -551 65 54
 -1001 94 54
 -502 4 54
 354 24 54
 354 24 54
 708 74 54
 300 94 54
 26 14 54
 -102 34 54
 -200 54 54
 -57 74 54
 -53 84 54
 -50 14 54
 -133 34 54
 43 54 54
 129 64 54
 211 74 54
 -205 34 54
 -24 44 54
 331 74 54
 168 94 54
 -39 14 54
 -92 34 48
 1 64 48
 32 74 48
 51 4 48
 51 4 48
 51 4 48
 -43 34 48
 150 74 48
 184 14 48
 200 24 48
 24 42 48
 -131 54 48
 -36 84 48
 3 14 48
 146 25 48
 28 64 48
 -45 77 48
 117 4 48
 117 4 48
 68 34 48
 361 54 48
 427 72 48
 209 84 48
 -330 4 48
 -298 24 48
 -518 53 30
 918 73 30
 1124 93 30
 547 13 30
 274 33 30
 145 53 30
 -130 73 30
 -2048 93 30
 -840 33 30
 -569 43 30
 -382 53 30
 -166 73 30
 -33 3 30
 1 23 30
 19 53 30
 22 67 30
 24 73 30
 33 3 30
 41 23 30
 216 43 30
 257 83 30
 257 83 30
 918 3 30
 2047 33 30
 1219 53 30
 296 93 30
 296 93 30
 116 23 30
 -228 60 30
 -413 63 30
 -1169 83 30
 -245 23 30
 -258 43 30
 -473 63 30
 -369 83 30
 -1148 93 30
 -875 13 30
 -739 33 30
 -615 53 30
 -283 73 30
 -185 83 30
 -119 93 30
 -36 13 30
 131 33 30
 585 53 30
 1078 73 30
 898 93 30
 898 93 30
 953 13 30
 748 33 30
 475 63 30
 375 92 30
 375 92 30
 162 12 30
 37 32 30
 -23 52 30
 -115 72 30
 -166 2 30
 188 9 30
 -487 42 30
 -487 42 30
 229 62 30
 313 92 30
 556 12 30
 556 12 30
 -2048 42 30
 -1005 62 30
 -697 72 30
 426 92 30
 1275 2 30
 1066 22 30
 -1304 42 30
 -795 62 30
 -795 62 30
 -66 2 30
 -66 2 30
 -317 22 30
 -237 42 30
 50 62 30
 491 79 30
 2047 2 30
 1841 22 30
 1280 32 30
 624 52 30
 309 72 30
 71 92 30
 -166 12 30
 -617 32 30
 -337 52 30
 -49 62 30
 309 72 30
 -563 2 30
 -563 2 30
 -604 22 30
 -491 42 30
 -489 62 30
 -133 82 30
 13 2 30
 -60 22 30
 -60 22 30
 -84 32 30
 -72 72 30
 372 92 30
 372 92 30
 193 12 30
 66 42 30
 -6 52 30
 -3 72 30
 -58 82 30
 80 1 30
 281 21 30
 -3 41 30
 135 61 30
 70 31 30
 54 41 30
 54 41 30
 54 41 30
 54 41 30
 54 41 30
 54 41 30
 1 51 30
 65 61 30
 -24 91 30
 -24 91 30
 -24 91 30
 -24 91 30
 54 11 30
 54 11 30
 54 11 30
 101 21 30
 44 31 30
 44 31 30
 44 31 30
 -38 51 30
 -38 51 30
 -38 51 30
 394 71 30
 394 71 30
 394 71 30
 114 81 30
 6 91 30
 6 91 30
 6 91 30
 6 91 30
 6 91 30
 -324 1 30
 -27 21 30
 -27 21 30
 -27 21 30
 1283 41 30
 1283 41 30
 1283 41 30
 620 61 30
 620 61 30
 620 61 30
 620 61 30
 309 81 30
 309 81 30
 309 81 30
 162 1 30
 162 1 30
 162 1 30
 90 21 30
 90 21 30
 90 21 30
 71 31 30
 57 41 30
 57 41 30
 57 41 30
 41 61 30
 41 61 30
 41 61 30
 36 81 30
 36 81 30
 36 81 30
 36 81 30
 36 81 30
 36 81 30
 -2 11 30
 -2 11 30
 -2 11 30
 35 31 44
 35 31 44
 35 31 44
 -2048 51 44
 -2048 51 44
 -2048 51 44
 2040 61 44
 1850 71 44
 1850 71 44
 1850 71 44
 896 91 44
 896 91 44
 896 91 44
 439 11 44
 439 11 44
 439 11 44
 439 11 44
 311 21 44
 162 41 44
 162 41 44
 162 41 44
 2047 61 44
 2047 61 44
 2047 61 44
 1621 71 44
 1127 81 44
 1127 81 44
 1127 81 44
 549 1 44
 549 1 44
 549 1 44
 -2048 21 44
 -2048 21 44
 -2048 21 44
 -2048 31 44
 -2048 41 44
 -2048 41 44
 -2048 41 44



# name: <cell-element>
# type: matrix
# rows: 1873
# columns: 3
 37 58 0
 32 87 0
 71 7 0
 20 27 0
 33 47 0
 0 67 0
 -5 87 0
 26 97 0
 66 7 0
 34 17 0
 26 57 0
 23 77 0
 58 97 0
 -2 17 0
 83 37 0
 -14 57 0
 -38 67 0
 1 97 0
 100 17 0
 -5 37 0
 -52 57 0
 97 77 0
 22 97 0
 20 17 0
 17 27 0
 51 57 0
 34 87 0
 54 92 0
 28 17 0
 48 37 0
 -11 67 0
 52 82 0
 38 3 0
 16 7 0
 -21 27 0
 49 47 0
 537 67 0
 407 87 0
 -137 7 0
 -403 17 0
 -418 37 0
 -215 57 0
 -69 77 0
 -23 87 0
 100 17 0
 100 17 0
 132 37 0
 108 57 0
 91 86 0
 147 96 0
 121 16 0
 48 36 0
 26 56 0
 49 76 0
 51 6 0
 69 35 0
 21 46 0
 12 76 0
 37 86 0
 23 6 0
 21 16 0
 28 46 0
 28 66 0
 48 76 0
 37 96 0
 66 26 0
 42 46 0
 34 66 0
 45 86 0
 37 6 0
 -20 26 0
 36 46 0
 42 57 0
 -30 1 54
 80 36 54
 9 56 54
 16 76 54
 0 96 54
 58 16 54
 50 26 54
 20 56 54
 54 66 54
 28 3 54
 55 26 54
 57 36 54
 52 56 54
 52 56 54
 424 96 54
 267 16 54
 -380 56 54
 -322 76 54
 -163 96 54
 -82 6 54
 53 26 54
 134 46 54
 104 66 54
 119 86 54
 59 6 54
 52 25 37
 64 45 37
 38 65 37
 13 5 37
 16 25 37
 24 45 37
 32 65 37
 57 85 37
 40 5 37
 32 25 37
 41 45 37
 38 65 37
 -33 85 37
 43 5 37
 6 25 37
 65 45 37
 32 65 37
 12 85 37
 12 85 37
 21 15 37
 43 55 37
 9 75 37
 24 85 37
 58 15 37
 -36 35 60
 25 45 60
 25 45 60
 9 95 60
 24 15 60
 23 35 60
 2 55 60
 50 80 60
 21 95 60
 20 25 60
 32 45 60
 40 65 60
 32 85 60
 281 15 60
 484 35 60
 72 55 60
 -454 85 60
 -456 95 60
 -183 25 60
 -84 45 60
 19 55 60
 104 70 60
 166 95 60
 147 5 60
 180 35 60
 85 54 53
 57 84 53
 65 4 53
 2 24 53
 45 44 53
 24 64 53
 24 64 53
 27 94 53
 36 14 53
 3 34 53
 20 54 53
 -6 74 53
 29 94 53
 36 14 53
 70 44 53
 37 74 53
 50 84 53
 21 4 53
 8 24 53
 36 44 53
 34 64 53
 23 84 53
 -22 4 53
 -6 24 53
 -18 44 53
 -24 64 47
 56 84 47
 52 4 47
 17 34 47
 11 64 47
 56 84 47
 65 3 47
 16 14 47
 1 24 47
 20 64 47
 55 84 47
 55 84 47
 13 14 47
 48 34 47
 21 74 47
 20 84 47
 453 24 47
 360 44 47
 360 44 47
 -385 94 47
 -405 14 47
 -321 34 47
 -122 54 47
 43 93 61
 43 93 61
 170 33 61
 166 53 61
 81 93 61
 72 13 61
 114 33 61
 17 53 61
 17 53 61
 27 93 61
 11 23 61
 53 33 61
 20 63 61
 33 83 61
 35 3 61
 35 3 61
 20 33 61
 48 53 61
 26 73 61
 19 13 61
 23 33 61
 23 33 61
 24 63 61
 16 93 43
 72 13 43
 57 33 43
 33 63 43
 59 83 43
 -11 13 43
 67 23 43
 39 53 43
 28 63 43
 19 83 43
 39 13 43
 42 33 43
 26 53 43
 45 73 43
 45 73 43
 35 23 43
 19 43 43
 40 63 43
 49 83 43
 72 3 43
 23 23 43
 24 33 43
 8 63 43
 452 93 43
 341 22 74
 -98 42 74
 -556 62 74
 -365 82 74
 -365 82 74
 -60 32 74
 80 52 74
 162 72 74
 134 92 74
 132 22 74
 59 52 74
 57 72 74
 50 92 74
 66 12 74
 84 32 74
 44 62 74
 22 82 74
 27 2 74
 76 22 74
 23 42 74
 19 62 74
 36 92 74
 16 12 74
 10 32 60
 11 62 60
 21 82 60
 58 2 60
 57 22 60
 -5 42 60
 59 62 60
 -4 82 60
 38 92 60
 50 12 60
 25 32 60
 50 72 60
 18 92 60
 35 12 60
 38 32 60
 3 52 60
 6 72 60
 1 92 60
 35 12 60
 51 32 60
 -1 52 60
 -7 72 60
 65 92 60
 25 12 60
 40 51 74
 1 71 74
 26 91 74
 25 1 74
 72 21 74
 38 61 74
 27 81 74
 82 91 74
 27 21 74
 -3 41 74
 36 61 74
 36 81 74
 57 1 74
 34 21 74
 407 61 74
 562 71 74
 358 81 74
 -298 10 74
 -436 31 74
 -184 71 74
 -51 91 74
 -51 91 74
 119 21 74
 153 41 74
 105 71 87
 70 11 87
 13 31 87
 98 51 87
 68 60 87
 41 84 87
 13 21 87
 68 41 87
 57 61 87
 32 71 87
 18 1 87
 21 11 87
 19 41 87
 67 70 87
 54 1 87
 11 5 87
 -2 41 87
 -41 59 87
 -23 61 87
 49 91 87
 -23 11 87
 87 31 87
 23 61 87
 29 80 87
 48 0 87
 48 0 87
 76 44 87
 58 70 87
 11 90 87
 10 10 87
 1 30 87
 26 60 87
 49 70 87
 1 0 87
 7 20 87
 51 50 87
 10 80 87
 20 0 87
 38 20 87
 38 20 87
 24 70 87
 56 90 87
 397 30 87
 160 50 87
 -331 70 87
 -331 70 87
 -371 20 100
 49 60 100
 165 80 100
 172 0 100
 137 20 100
 170 40 100
 170 40 100
 26 70 100
 81 10 100
 35 30 100
 35 70 100
 49 90 100
 7 0 100
 71 30 100
 24 50 100
 20 70 100
 41 90 100
 28 30 100
 51 40 100
 51 40 100
 40 80 100
 41 90 100
 17 29 100
 33 69 100
 36 89 100
 36 89 100
 13 29 100
 -1 59 100
 51 79 100
 59 99 100
 5 29 100
 8 59 100
 49 89 100
 72 9 100
 73 29 100
 9 49 100
 50 69 100
 -61 9 100
 40 29 100
 68 49 100
 52 69 100
 27 89 100
 -38 9 100
 12 49 100
 70 65 100
 40 89 100
 40 9 100
 -9 39 100
 28 49 100
 8 79 100
 -8 19 100
 -8 19 100
 505 69 100
 265 89 100
 -327 9 100
 -433 29 100
 -139 69 100
 -139 69 100
 76 9 100
 129 39 100
 119 59 100
 55 79 100
 50 99 100
 61 19 100
 45 29 100
 49 58 100
 44 88 100
 66 8 100
 38 28 100
 24 48 100
 52 68 100
 83 88 100
 32 8 100
 29 48 100
 44 67 100
 41 88 100
 -27 8 100
 -27 8 100
 91 38 100
 32 78 100
 54 88 100
 20 28 100
 54 48 100
 19 78 100
 44 88 100
 -33 18 100
 27 47 100
 44 58 100
 23 98 100
 24 18 100
 37 38 100
 37 38 100
 66 48 100
 487 98 100
 -242 28 100
 -503 48 100
 -356 68 100
 -190 88 100
 -28 8 100
 72 28 100
 153 48 100
 133 88 100
 118 98 100
 72 18 100
 98 58 100
 98 58 100
 1 78 100
 49 18 100
 66 48 100
 64 67 90
 49 87 90
 53 7 90
 17 17 90
 41 47 90
 -1 87 90
 11 7 90
 38 27 90
 11 37 90
 13 67 90
 -8 94 90
 29 97 90
 9 37 90
 -18 57 90
 44 89 90
 -5 17 90
 37 37 90
 20 67 90
 34 97 90
 38 17 90
 29 57 90
 48 77 90
 41 7 90
 51 33 90
 54 37 90
 5 67 90
 2 7 90
 36 27 90
 34 47 90
 29 67 90
 35 87 90
 36 7 90
 86 47 90
 -21 67 90
 12 82 90
 68 87 90
 -6 17 90
 71 27 90
 22 57 90
 21 65 90
 50 97 90
 37 17 90
 37 17 90
 25 37 90
 40 58 90
 41 87 90
 -19 6 83
 -22 26 83
 5 46 83
 54 66 83
 44 86 83
 41 6 83
 250 36 83
 404 56 83
 104 76 83
 54 86 83
 -91 96 83
 -465 26 83
 -361 46 83
 -184 66 83
 -59 86 83
 33 6 83
 137 26 83
 148 46 83
 137 66 83
 144 86 83
 101 6 83
 86 16 83
 13 46 83
 60 66 83
 55 76 83
 33 96 83
 8 26 66
 55 30 66
 91 66 66
 91 66 66
 64 76 66
 34 16 66
 -3 36 66
 44 56 66
 18 76 66
 66 96 66
 28 26 66
 0 47 66
 9 56 66
 13 80 66
 32 96 66
 28 26 66
 35 46 66
 27 76 66
 19 86 66
 27 6 66
 27 26 66
 36 46 66
 58 86 66
 34 6 66
 36 14 66
 10 35 81
 24 65 81
 16 85 81
 40 89 81
 58 21 81
 39 45 81
 -10 65 81
 0 85 81
 21 95 81
 21 95 81
 60 35 81
 12 55 81
 3 75 81
 326 5 81
 259 35 81
 -203 55 81
 -452 75 81
 -357 95 81
 -140 15 81
 -41 35 81
 59 55 81
 121 95 81
 121 95 81
 128 25 81
 92 55 51
 105 75 51
 52 95 51
 71 15 51
 7 35 51
 85 55 51
 85 55 51
 36 85 51
 16 5 51
 -10 25 51
 48 45 51
 53 65 51
 77 85 51
 13 15 51
 7 45 51
 19 65 51
 19 65 51
 38 5 51
 32 25 51
 36 45 51
 25 65 51
 25 65 51
 32 95 51
 -17 2 51
 26 35 51
 23 55 51
 -7 74 56
 58 94 56
 39 14 56
 55 34 56
 18 54 56
 -6 74 56
 70 94 56
 68 14 56
 -5 34 56
 39 64 56
 2 84 56
 18 4 56
 27 24 56
 42 34 56
 39 64 56
 39 64 56
 74 94 56
 484 34 56
 503 44 56
 -56 64 56
 -344 74 56
 -404 94 56
 -170 24 56
 -7 44 56
 100 64 56
 101 94 64
 101 94 64
 102 26 64
 44 54 64
 35 69 64
 -23 94 64
 75 14 64
 57 34 64
 5 54 64
 40 94 64
 22 14 64
 54 34 64
 81 54 64
 81 54 64
 7 84 64
 4 4 64
 18 24 64
 48 54 64
 3 74 64
 50 94 64
 36 4 64
 6 34 64
 9 54 64
 9 54 64
 40 84 64
 40 13 51
 18 43 51
 26 63 51
 26 63 51
 27 83 51
 11 13 51
 32 43 51
 65 63 51
 147 83 51
 45 3 51
 41 13 51
 23 43 51
 18 63 51
 18 63 51
 20 93 51
 41 13 51
 51 33 51
 2 53 51
 2 73 51
 -37 93 51
 56 13 51
 48 23 51
 27 63 51
 39 83 51
 9 3 51
 87 23 70
 106 43 70
 500 74 70
 388 83 70
 -338 13 70
 -388 33 70
 -213 57 70
 -70 83 70
 42 3 70
 115 23 70
 115 43 70
 137 58 70
 87 93 70
 64 13 70
 57 33 70
 68 53 70
 68 73 70
 54 93 70
 49 33 70
 17 53 70
 38 73 70
 1 98 70
 23 32 53
 22 52 53
 22 72 53
 49 82 53
 51 12 53
 42 39 53
 42 62 53
 42 91 53
 7 6 53
 26 22 53
 43 42 53
 13 62 53
 44 82 53
 -25 2 53
 57 22 53
 19 42 53
 85 62 53
 8 2 53
 24 22 53
 51 32 53
 43 52 53
 27 72 53
 32 2 53
 33 12 53
 38 39 53
 50 62 53
 5 82 53
 4 2 53
 35 12 53
 37 42 53
 429 72 53
 429 72 53
 -108 2 53
 -390 22 53
 -298 42 53
 -225 52 53
 -43 82 53
 83 2 53
 60 22 53
 131 52 53
 76 72 53
 96 92 53
 103 2 53
 10 32 53
 57 38 53
 40 52 53
 44 72 53
 23 2 53
 65 25 53
 39 61 66
 9 81 66
 5 14 66
 53 41 66
 59 61 66
 2 81 66
 37 91 66
 -8 21 66
 21 41 66
 81 61 66
 18 81 66
 68 91 66
 16 21 66
 53 41 66
 -26 61 66
 84 81 66
 16 1 66
 -19 31 66
 25 51 66
 49 71 66
 25 91 66
 53 11 66
 52 31 66
 13 63 66
 13 91 70
 23 1 70
 -3 31 70
 23 51 70
 52 71 70
 16 91 70
 150 11 70
 280 41 70
 -104 61 70
 -373 81 70
 -220 1 70
 -193 21 70
 -1 51 70
 67 81 70
 144 94 70
 109 11 70
 98 41 70
 98 51 70
 91 71 70
 13 1 70
 60 21 70
 65 41 70
 37 61 70
 37 61 70
 49 0 77
 53 30 77
 -12 50 77
 41 70 77
 35 90 77
 64 10 77
 11 30 77
 23 60 77
 -3 87 77
 10 10 77
 50 20 77
 18 40 77
 77 60 77
 11 80 77
 42 0 77
 40 30 77
 39 50 77
 37 80 77
 67 10 77
 -22 30 77
 100 60 77
 0 80 77
 22 0 77
 21 20 96
 -1 40 96
 57 60 96
 135 0 96
 135 0 96
 469 30 96
 407 36 96
 -462 80 96
 -401 87 96
 -204 20 96
 -54 40 96
 -54 40 96
 161 90 96
 100 10 96
 118 30 96
 85 50 96
 38 70 96
 93 90 96
 -11 30 96
 60 50 96
 12 70 96
 57 90 96
 82 10 96
 -1 39 75
 8 49 75
 33 89 75
 55 19 75
 67 39 75
 52 59 75
 25 99 75
 33 19 75
 67 39 75
 13 59 75
 -2 79 75
 23 99 75
 32 19 75
 1 39 75
 57 59 75
 57 59 75
 44 99 75
 13 19 75
 11 49 75
 37 59 75
 0 99 75
 89 19 75
 89 19 75
 -10 49 64
 43 89 64
 -9 6 64
 42 29 64
 42 29 64
 27 59 64
 21 79 64
 57 9 64
 52 37 64
 293 59 64
 490 79 64
 165 99 64
 -260 19 64
 -466 39 64
 -179 79 64
 21 99 64
 35 19 64
 141 39 64
 104 59 64
 161 79 64
 161 79 64
 97 19 64
 85 39 64
 7 68 66
 41 98 66
 100 28 66
 29 48 66
 58 58 66
 84 68 66
 13 6 66
 10 18 66
 9 48 66
 35 68 66
 32 88 66
 32 88 66
 41 98 66
 45 30 66
 66 78 66
 33 98 66
 49 6 66
 22 38 66
 33 48 66
 13 78 66
 19 98 66
 -23 18 66
 41 38 66
 26 58 66
 69 78 56
 -23 6 56
 -12 18 56
 40 48 56
 40 68 56
 39 88 56
 65 28 56
 38 48 56
 24 68 56
 -12 98 56
 54 18 56
 52 38 56
 294 68 56
 601 78 56
 221 98 56
 -265 18 56
 -362 48 56
 -196 68 56
 6 98 56
 66 18 56
 133 38 56
 108 58 56
 61 78 56
 71 7 60
 97 27 60
 42 47 60
 50 77 60
 32 7 60
 49 27 60
 49 27 60
 -22 57 60
 92 77 60
 92 17 60
 22 37 60
 -2 57 60
 48 77 60
 40 87 60
 36 15 60
 11 37 60
 67 53 60
 -18 77 60
 38 97 60
 66 17 60
 24 37 60
 49 67 60
 33 87 60
 49 25 66
 23 47 66
 0 67 66
 37 87 66
 22 7 66
 8 27 66
 8 47 66
 29 87 66
 -22 7 66
 39 27 66
 88 47 66
 88 47 66
 55 97 66
 -1 17 66
 13 37 66
 2 57 66
 34 77 66
 27 97 66
 26 17 66
 391 57 66
 458 77 66
 -92 97 66
 -506 15 66
 -502 36 75
 -267 56 75
 -131 73 75
 41 6 75
 119 36 75
 129 56 75
 131 76 75
 75 6 75
 83 26 75
 70 46 75
 56 66 75
 35 86 75
 37 6 75
 48 26 75
 10 50 75
 27 76 75
 22 96 75
 24 16 75
 81 36 75
 11 56 75
 40 76 75
 9 96 75
 51 16 75
 37 26 75
 36 48 66
 22 66 66
 4 96 66
 10 16 66
 19 36 66
 40 56 66
 34 76 66
 48 96 66
 60 6 66
 7 26 66
 19 46 66
 37 66 66
 27 86 66
 56 6 66
 3 26 66
 -41 46 66
 -41 46 66
 34 76 66
 48 96 66
 26 7 66
 54 26 66
 16 56 66
 129 86 66
 394 96 66
 219 26 66
 -257 46 66
 -418 65 70
 -273 85 70
 -197 5 70
 9 25 70
 -7 35 70
 22 45 70
 125 75 70
 140 95 70
 119 15 70
 33 41 70
 59 65 70
 80 85 70
 39 5 70
 39 5 70
 50 45 70
 -36 66 70
 34 95 70
 25 10 70
 24 25 70
 36 55 70
 36 55 70
 4 85 70
 73 5 70
 51 35 70
 35 55 70
 -19 75 53
 1 95 53
 70 15 53
 43 35 53
 10 65 53
 52 85 53
 24 5 53
 9 15 53
 -3 39 53
 -13 55 53
 61 75 53
 -20 95 53
 48 15 53
 13 45 53
 54 55 53
 16 85 53
 1 5 53
 37 23 53
 25 25 53
 331 55 53
 458 75 53
 -91 95 53
 -438 15 53
 -325 35 53
 -262 55 53
 -53 75 53
 -53 75 53
 89 14 48
 97 34 48
 136 54 48
 97 74 48
 71 94 48
 87 14 48
 66 34 48
 50 64 48
 35 84 48
 66 14 48
 26 24 48
 68 44 48
 42 64 48
 42 94 48
 42 94 48
 22 24 48
 52 44 48
 -30 64 48
 27 84 48
 16 4 48
 58 24 48
 45 44 48
 18 74 48
 24 94 48
 50 24 53
 17 44 53
 25 64 53
 21 84 53
 6 4 53
 6 4 53
 29 34 53
 44 64 53
 54 87 53
 39 5 53
 23 34 53
 37 44 53
 37 44 53
 66 94 53
 41 4 53
 55 43 53
 60 64 53
 60 64 53
 453 4 53
 185 14 53
 185 14 53
 -324 64 53
 -266 74 53
 -97 94 53
 73 23 56
 131 43 56
 152 63 56
 152 63 56
 86 83 56
 53 23 56
 61 53 56
 53 73 56
 74 93 56
 35 23 56
 35 23 56
 -17 53 56
 10 73 56
 51 93 56
 26 13 56
 48 33 56
 8 43 56
 53 73 56
 53 73 56
 9 83 56
 9 83 56
 -13 43 56
 8 63 56
 34 93 56
 84 23 56
 52 43 80
 52 43 80
 57 83 80
 26 3 80
 24 33 80
 69 53 80
 34 73 80
 55 93 80
 -33 23 80
 -33 23 80
 -22 33 80
 10 73 80
 52 3 80
 45 33 80
 24 53 80
 24 53 80
 -38 75 80
 52 3 80
 10 22 80
 -13 53 80
 43 73 80
 45 93 80
 45 93 80
 45 93 80
 37 52 96
 34 72 96
 65 2 96
 70 22 96
 -3 42 96
 -8 62 96
 19 72 96
 7 2 96
 85 22 96
 44 42 96
 19 62 96
 38 82 96
 -8 2 96
 50 22 96
 50 22 96
 40 52 96
 475 72 96
 257 92 96
 -392 32 96
 -402 52 96
 -402 52 96
 -230 72 96
 -44 2 96
 40 32 96
 163 59 96
 156 92 91
 80 12 91
 92 32 91
 92 32 91
 53 92 91
 52 12 91
 36 32 91
 0 52 91
 18 72 91
 -14 92 91
 59 12 91
 12 32 91
 69 52 91
 35 72 91
 32 95 91
 20 32 91
 20 32 91
 53 62 91
 -8 82 91
 11 2 91
 38 22 91
 23 42 91
 -27 81 100
 35 1 100
 21 21 100
 27 41 100
 24 61 100
 40 81 100
 -20 88 100
 89 21 100
 25 41 100
 25 41 100
 13 81 100
 -8 1 100
 36 21 100
 48 38 100
 20 61 100
 51 81 100
 51 81 100
 29 1 100
 51 31 100
 16 51 100
 20 81 100
 -8 1 100
 41 31 100
 44 51 100
 44 51 100
 39 81 100
 337 11 83
 169 46 83
 -260 61 83
 -438 76 83
 -278 1 83
 -202 11 83
 -122 21 83
 98 71 83
 152 98 83
 118 16 83
 66 28 83
 72 61 83
 27 71 83
 56 0 83
 66 21 83
 5 41 83
 28 61 83
 75 71 83
 12 1 83
 0 21 83
 20 51 83
 32 71 83
 20 91 83
 13 40 53
 83 60 53
 88 80 53
 88 80 53
 2 20 53
 24 50 53
 67 70 53
 25 90 53
 16 10 53
 49 30 53
 23 56 53
 18 80 53
 24 0 53
 23 10 53
 18 40 53
 52 70 53
 -17 90 53
 -17 90 53
 57 20 53
 12 40 53
 70 70 53
 57 0 53
 4 20 53
 50 40 56
 50 40 56
 500 80 56
 304 10 56
 -85 40 56
 -190 60 56
 -108 80 56
 -92 0 56
 -122 14 56
 -519 50 56
 -278 70 56
 -27 90 56
 130 10 56
 181 30 56
 261 50 56
 261 50 56
 148 90 56
 134 10 56
 102 50 56
 100 70 56
 50 90 56
 28 10 56
 28 10 56
 38 39 56
 33 79 41
 51 99 41
 84 19 41
 25 49 41
 -22 79 41
 -22 79 41
 60 9 41
 9 49 41
 68 69 41
 68 69 41
 11 99 41
 84 27 41
 52 69 41
 43 89 41
 25 9 41
 1 29 41
 -3 59 41
 -7 79 41
 77 99 41
 23 29 41
 52 49 41
 25 69 61
 52 89 61
 9 9 61
 26 23 61
 36 39 61
 0 69 61
 72 79 61
 475 13 61
 283 39 61
 -34 59 61
 -321 79 61
 -470 99 61
 -379 19 61
 -152 39 61
 -29 59 61
 35 69 61
 161 89 61
 165 19 61
 155 39 61
 155 39 61
 93 79 61
 84 99 61
 42 19 61
 22 49 61
 55 78 69
 53 98 69
 53 98 69
 66 28 69
 53 68 69
 43 88 69
 -8 8 69
 44 28 69
 60 48 69
 26 58 69
 33 98 69
 23 18 69
 40 38 69
 60 58 69
 -6 98 69
 86 18 69
 25 38 69
 64 58 69
 11 78 69
 19 98 69
 20 18 69
 19 48 69
 51 68 69
 55 98 81
 16 8 81
 -14 38 81
 9 68 81
 52 88 81
 24 8 81
 28 28 81
 67 48 81
 42 68 81
 5 8 81
 22 28 81
 33 48 81
 7 68 81
 -35 88 81
 45 14 81
 59 28 81
 56 58 81
 20 78 81
 -2 98 81
 16 28 81
 51 38 81
 27 58 81
 33 98 81
 13 7 88
 33 37 88
 24 57 88
 60 87 88
 11 17 88
 16 37 88
 18 57 88
 35 72 88
 502 7 88
 82 27 88
 -457 47 88
 -441 67 88
 -156 97 88
 4 17 88
 54 37 88
 148 57 88
 117 77 88
 116 97 88
 67 27 88
 90 47 88
 114 67 88
 75 87 88
 22 27 78
 45 47 78
 22 67 78
 65 99 78
 53 27 78
 48 47 78
 54 67 78
 55 87 78
 -1 7 78
 -1 7 78
 44 37 78
 36 67 78
 39 97 78
 -35 27 78
 -35 27 78
 59 57 78
 45 97 78
 45 97 78
 9 17 78
 32 37 78
 39 57 78
 51 87 78
 27 7 78
 27 7 78
 24 27 78
 48 66 78
 1 86 78
 1 86 78
 0 26 78
 16 46 78
 24 60 78
 34 86 78
 24 6 78
 38 26 78
 2 46 78
 42 66 78
 6 86 78
 76 16 78
 156 26 78
 570 56 78
 -61 86 78
 -557 16 78
 -327 36 78
 -186 56 78
 45 86 78
 45 86 78
 144 46 78
 116 76 61
 113 96 61
 89 16 61
 87 36 61
 90 56 61
 51 76 61
 45 96 61
 20 16 61
 60 36 61
 16 56 61
 44 76 61
 -7 96 61
 -7 96 61
 57 16 61
 -13 56 61
 39 76 61
 48 96 61
 17 26 61
 -30 56 61
 -30 56 61
 89 96 61
 29 16 61
 3 36 61
 2 56 61
 51 75 60
 64 95 60
 17 35 60
 -26 45 60
 -60 55 60
 -17 85 60
 36 5 60
 40 35 60
 55 45 60
 40 65 60
 68 95 60
 73 15 60
 22 35 60
 -5 55 60
 50 75 60
 10 5 60
 -21 15 60
 25 45 60
 67 65 60
 73 85 60
 58 21 60
 8 55 60
 17 65 60
 -13 75 60
 52 5 48
 49 45 48
 224 65 48
 492 75 48
 304 95 48
 -210 12 48
 -355 25 48
 -180 55 48
 -54 81 48
 32 5 48
 71 25 48
 86 28 48
 122 65 48
 71 85 48
 71 85 48
 52 15 48
 44 35 48
 53 55 48
 27 75 48
 28 12 48
 37 25 48
 22 35 48
 59 65 48
 35 75 48
 -2 4 47
 4 24 47
 32 40 47
 1 54 47
 41 74 47
 54 94 47
 54 94 47
 25 24 47
 16 44 47
 21 64 47
 69 84 47
 27 4 47
 22 44 47
 22 44 47
 -1 74 47
 -19 4 47
 27 24 47
 -3 44 47
 52 64 47
 42 84 47
 35 4 47
 -19 34 47
 38 54 47
 21 74 47
 59 4 47
 -19 24 51
 4 44 51
 27 64 51
 49 94 51
 4 24 51
 60 54 51
 27 74 51
 20 94 51
 24 14 51
 24 14 51
 16 54 51
 157 62 51
 -12 94 51
 -20 14 51
 4 44 51
 23 74 51
 23 74 51
 55 4 51
 1 44 51
 12 64 51
 -10 84 51
 42 4 51
 42 14 51
 35 24 51
 35 24 51
 -56 83 54
 49 3 54
 25 43 54
 48 63 54
 23 83 54
 -19 3 54
 68 33 54
 40 53 54
 74 73 54
 -9 93 54
 65 13 54
 4 33 54
 65 63 54
 76 73 54
 70 3 54
 20 23 54
 36 53 54
 16 65 54
 54 93 54
 -50 23 54
 66 43 54
 12 63 66
 -2 83 66
 36 3 66
 -77 23 66
 8 43 66
 34 63 66
 22 93 66
 39 3 66
 41 33 66
 11 53 66
 45 63 66
 32 83 66
 21 2 66
 -5 13 66
 53 33 66
 -22 53 66
 72 73 66
 7 93 66
 7 93 66
 53 13 66
 28 33 66
 8 53 66
 18 63 66
 137 93 66
 32 13 66
 -20 23 66
 -11 33 66
 0 63 66
 -7 82 74
 -7 82 74
 17 2 74
 42 22 74
 34 42 74
 69 62 74
 50 82 74
 34 2 74
 1 22 74
 34 42 74
 34 42 74
 29 62 74
 37 82 74
 68 2 74
 24 22 74
 8 42 74
 4 62 74
 52 82 74
 38 92 74
 18 12 74
 18 12 74
 83 32 74
 25 52 74
 -6 72 74
 85 92 74
 35 12 74
 35 12 74
 34 37 74
 28 62 74
 -34 72 74
 23 92 64
 71 12 64
 64 32 64
 13 52 64
 12 72 64
 72 92 64
 288 12 64
 294 22 64
 183 32 64
 -7 42 64
 -205 72 64
 -84 92 64
 -9 12 64
 4 32 64
 154 42 64
 87 62 64
 87 62 64
 106 82 64
 96 92 64
 52 12 64
 153 52 64
 136 62 64
 10 72 64
 215 92 64
 -52 12 64
 35 32 64
 21 46 64
 -136 62 64
 28 41 63
 28 41 63
 44 61 63
 44 61 63
 44 61 63
 33 81 63
 33 81 63
 33 81 63
 41 91 63
 75 1 63
 75 1 63
 75 1 63
 75 1 63
 75 1 63
 45 4 63
 -24 31 63
 -24 31 63
 26 41 63
 26 41 63
 26 41 63
 12 61 63
 12 61 63
 12 61 63
 68 81 63
 68 81 63
 68 81 63
 68 81 63
 23 1 63
 23 1 63
 23 1 63
 -85 21 63
 -85 21 63
 -85 21 63
 -3 41 63
 -3 41 63
 -3 41 63
 -14 51 63
 41 61 63
 41 61 63
 41 61 63
 41 61 63
 41 61 63
 41 61 63
 -28 71 63
 -28 71 63
 33 1 63
 41 11 63
 41 11 63
 41 11 63
 11 31 63
 11 31 63
 11 31 63
 59 41 63
 16 51 63
 16 51 63
 16 51 63
 50 71 63
 50 71 63
 50 71 63
 33 81 63
 26 91 63
 26 91 63
 26 91 63
 -89 11 63
 -89 11 63
 -89 11 63
 -89 11 63
 -89 11 63
 -89 11 63
 4 41 63
 4 41 63
 4 41 63
 51 61 63
 51 61 63
 51 61 63
 119 71 63
 37 81 63
 37 81 63
 37 81 63
 26 1 63
 26 1 63
 26 1 63
 26 1 63
 151 21 50
 41 31 50
 41 31 50
 41 31 50
 87 51 50
 87 51 50
 87 51 50
 2 71 50
 2 71 50
 2 71 50
 2 71 50
 2 71 50
 2 71 50
 28 1 50
 28 1 50
 28 1 50
 -3 11 50
 6 21 50
 6 21 50
 6 21 50
 38 41 50
 38 41 50
 38 41 50
 3 61 50
 3 61 50
 3 61 50
 411 81 50
 411 81 50
 411 81 50
 217 91 50
 -42 1 50
 -42 1 50
 -42 1 50
 -290 21 50
 -290 21 50
 -290 21 50
 -235 31 50
 -235 31 50
 -235 31 50
 -113 51 50
 -113 51 50
 -113 51 50
 -35 71 50
 -35 71 50
 -35 71 50
 -8 81 50
 52 91 50
 52 91 50
 52 91 50
 20 11 50
 20 11 50
 20 11 50
 20 11 50
 -5 31 50
 -5 31 50
 -5 31 50
 34 51 50
 34 51 50
 34 51 50
 104 71 50
 104 71 50
 104 71 50
 3 81 50
 137 91 50
 137 91 50





