# Created by Octave 4.0.3, Mon Oct 31 12:30:33 2016 ART <lumarzo@localhost>
# name: trainOjos
# type: cell
# rows: 1
# columns: 3
# name: <cell-element>
# type: matrix
# rows: 1000
# columns: 1
 27
 6
 22
 -5
 50
 -34
 24
 40
 11
 41
 -20
 -51
 73
 -26
 37
 6
 34
 -6
 17
 42
 27
 27
 18
 34
 21
 23
 44
 27
 40
 8
 25
 73
 73
 36
 36
 27
 201
 120
 338
 -53
 -101
 -125
 -125
 -165
 73
 73
 37
 37
 42
 45
 64
 53
 -8
 2
 66
 11
 -17
 25
 26
 39
 -35
 76
 85
 321
 73
 73
 -105
 -107
 17
 57
 28
 17
 50
 35
 114
 88
 17
 68
 8
 8
 66
 22
 1
 21
 21
 -8
 48
 2
 55
 50
 28
 92
 52
 19
 19
 156
 -130
 69
 -39
 -44
 -51
 -39
 29
 81
 64
 19
 27
 54
 50
 50
 72
 37
 43
 18
 5
 39
 68
 28
 26
 85
 64
 104
 -245
 82
 82
 35
 16
 -92
 -6
 6
 18
 54
 54
 -6
 34
 28
 42
 40
 41
 40
 38
 38
 42
 50
 43
 34
 67
 101
 66
 -12
 199
 97
 -1
 -1
 17
 17
 -83
 -49
 -8
 -61
 -61
 50
 37
 121
 22
 37
 40
 35
 50
 28
 17
 11
 38
 12
 34
 34
 -29
 33
 36
 27
 56
 -27
 68
 43
 20
 22
 9
 89
 24
 427
 -124
 104
 58
 -85
 -55
 -41
 -41
 -65
 -14
 65
 27
 55
 66
 39
 48
 23
 50
 97
 43
 38
 67
 -9
 16
 12
 5
 -5
 18
 93
 9
 67
 75
 258
 179
 -99
 3
 3
 82
 -106
 -73
 -34
 23
 45
 91
 98
 24
 65
 90
 45
 29
 29
 34
 35
 72
 64
 8
 -3
 57
 32
 5
 195
 -85
 -234
 -49
 55
 5
 -35
 0
 -59
 24
 43
 77
 50
 23
 42
 40
 29
 17
 48
 41
 113
 66
 72
 26
 39
 39
 23
 162
 -58
 102
 97
 6
 -30
 -30
 -22
 17
 9
 98
 19
 70
 70
 146
 6
 26
 35
 90
 43
 24
 6
 57
 26
 18
 20
 20
 -4
 26
 -4
 32
 55
 -3
 -10
 23
 56
 -101
 164
 497
 18
 -275
 -65
 -21
 -86
 -36
 -43
 -40
 58
 61
 83
 28
 43
 57
 68
 74
 24
 65
 24
 40
 38
 80
 42
 -1
 38
 -3
 39
 38
 -22
 162
 266
 148
 -125
 -75
 -75
 -66
 -8
 -54
 37
 51
 66
 92
 54
 40
 58
 26
 42
 42
 37
 16
 27
 4
 54
 41
 37
 267
 -83
 233
 -93
 -76
 -8
 -8
 -8
 -21
 -3
 27
 51
 85
 41
 56
 58
 7
 34
 -13
 36
 -46
 87
 65
 65
 58
 9
 43
 42
 56
 -11
 182
 -18
 97
 -23
 -42
 -25
 27
 44
 75
 39
 23
 40
 -40
 61
 54
 64
 32
 26
 45
 25
 12
 34
 22
 38
 43
 83
 92
 230
 118
 115
 -113
 144
 68
 -42
 -18
 -41
 17
 4
 84
 55
 57
 60
 80
 34
 41
 -9
 38
 35
 54
 57
 48
 26
 26
 21
 97
 197
 136
 -21
 58
 -13
 -26
 70
 -9
 -27
 52
 38
 38
 58
 81
 -6
 21
 52
 17
 57
 18
 -19
 66
 16
 38
 38
 -22
 -102
 339
 -4
 0
 -55
 -17
 -9
 57
 49
 57
 60
 60
 -1
 86
 86
 80
 64
 36
 8
 34
 72
 42
 42
 36
 65
 70
 49
 49
 52
 246
 51
 -98
 -98
 -120
 21
 10
 -66
 21
 65
 61
 43
 53
 18
 74
 52
 68
 68
 70
 32
 11
 43
 22
 99
 20
 11
 43
 18
 32
 71
 3
 72
 36
 36
 -9
 -2
 26
 27
 -8
 51
 12
 51
 10
 44
 44
 -12
 178
 41
 41
 -4
 39
 9
 50
 -14
 2
 -57
 -57
 -14
 65
 57
 80
 75
 42
 6
 80
 35
 48
 77
 9
 8
 26
 42
 24
 58
 -40
 60
 26
 58
 58
 265
 401
 -173
 83
 -142
 -12
 -12
 28
 -3
 56
 16
 137
 28
 92
 92
 45
 28
 55
 1
 -14
 48
 33
 29
 42
 24
 28
 50
 57
 68
 33
 33
 23
 45
 41
 -18
 27
 372
 236
 -83
 1
 -21
 -44
 -42
 8
 64
 49
 42
 130
 21
 89
 55
 39
 21
 26
 -20
 38
 42
 64
 71
 4
 35
 58
 28
 38
 48
 38
 -27
 27
 59
 67
 179
 -115
 20
 -27
 -66
 -56
 7
 -5
 20
 9
 9
 43
 51
 65
 61
 58
 39
 26
 80
 76
 36
 -4
 34
 -4
 19
 66
 66
 36
 22
 -98
 279
 182
 -59
 -73
 -82
 -22
 -72
 81
 0
 19
 48
 40
 45
 69
 54
 49
 34
 2
 2
 73
 6
 35
 8
 54
 -6
 61
 38
 21
 50
 -13
 10
 40
 54
 33
 225
 -145
 -122
 135
 118
 24
 8
 -27
 -10
 -33
 32
 -3
 74
 74
 73
 60
 96
 22
 23
 36
 36
 56
 -2
 70
 87
 0
 53
 53
 55
 66
 37
 133
 153
 170
 84
 -227
 -10
 83
 43
 22
 96
 56
 9
 58
 26
 70
 35
 71
 34
 2
 12
 64
 27
 52
 -9
 36
 -36
 60
 7
 24
 344
 247
 -34
 20
 -40
 104
 104
 -38
 -4
 -20
 -6
 49
 83
 75
 26
 18
 21
 40
 41
 20
 48
 48
 32
 23
 18
 26
 -98
 23
 35
 11
 38
 38
 41
 33
 19
 29
 -12
 69
 10
 50
 -19
 57
 105
 176
 35
 -13
 -13
 -35
 76
 56
 35
 28
 34
 80
 1
 39
 33
 -12
 22
 54
 51
 45
 29
 29
 37
 16
 122
 105
 -106
 -11
 280
 -124
 -25
 13
 80
 168
 88
 18
 -7
 -7
 22
 26
 -8
 24
 60
 49
 25
 18
 43
 67
 35
 64
 -18
 13
 13
 27
 97
 122
 -155
 258
 -27
 34
 8
 11
 102
 122
 43
 29
 25
 11
 54
 66
 11
 -13
 26
 43
 43
 52
 12
 91
 50
 4
 26
 26
 44
 7
 19
 -2
 22
 32
 221
 407
 -41
 -50
 39
 -188
 -69
 -21
 75
 75
 65
 48
 38
 35
 29
 3
 3
 37
 44
 26
 -2
 -2
 -1
 45
 40
 25
 34
 51
 74
 74
 49
 -38
 84
 179
 64
 -24
 -257
 -33
 -7
 -84
 -44
 34
 42
 68
 57
 24
 -2
 51
 27
 11
 33
 34
 28
 51
 -8
 83
 0
 38
 38
 27
 108
 120
 128
 267
 -62
 -62
 36
 23
 -12
 43
 24
 36
 35
 85
 57
 26
 -18
 97
 55
 74
 32
 12
 39
 44
 -11
 56
 33



# name: <cell-element>
# type: matrix
# rows: 1000
# columns: 1
 6
 37
 64
 6
 1
 0
 -4
 27
 53
 51
 22
 76
 -12
 -27
 -27
 20
 20
 20
 10
 57
 50
 18
 18
 -10
 26
 39
 59
 59
 41
 -1
 2
 88
 -8
 -8
 9
 -12
 -23
 22
 32
 55
 -4
 6
 34
 34
 124
 300
 26
 -382
 -54
 -54
 -6
 45
 81
 65
 109
 40
 -2
 54
 40
 40
 41
 38
 22
 58
 -34
 11
 11
 12
 42
 21
 26
 36
 11
 35
 -8
 25
 23
 16
 16
 19
 50
 52
 21
 49
 11
 85
 56
 102
 45
 442
 37
 37
 -278
 -41
 -41
 -41
 32
 117
 99
 50
 34
 34
 34
 53
 40
 -5
 59
 33
 64
 -61
 13
 90
 48
 17
 66
 -9
 34
 26
 20
 52
 20
 32
 108
 34
 34
 66
 24
 34
 54
 56
 -5
 17
 40
 482
 -279
 -477
 36
 230
 248
 248
 128
 77
 54
 3
 -1
 48
 69
 -5
 58
 -6
 26
 42
 38
 48
 48
 42
 -22
 29
 80
 49
 -10
 28
 28
 40
 29
 7
 70
 328
 328
 -109
 -66
 48
 -18
 81
 43
 49
 24
 17
 20
 32
 101
 -54
 52
 83
 2
 20
 41
 49
 56
 28
 12
 109
 -27
 35
 82
 32
 -2
 22
 22
 9
 45
 -14
 49
 262
 416
 -321
 -321
 -375
 97
 136
 77
 73
 44
 104
 68
 24
 16
 117
 57
 -23
 -23
 56
 17
 90
 39
 -8
 8
 -8
 70
 7
 27
 43
 -2
 11
 85
 85
 4
 84
 32
 273
 -180
 152
 -327
 -21
 25
 65
 48
 60
 49
 50
 55
 50
 21
 -12
 84
 102
 58
 -11
 -3
 28
 48
 40
 -1
 -24
 22
 40
 48
 53
 48
 13
 17
 25
 25
 32
 76
 8
 70
 33
 -341
 -327
 55
 150
 120
 96
 26
 75
 26
 68
 28
 -10
 84
 27
 25
 -4
 50
 86
 25
 6
 49
 -33
 33
 58
 36
 37
 12
 51
 28
 -5
 52
 -9
 22
 24
 4
 26
 -50
 -50
 -50
 -171
 -199
 -118
 -22
 72
 38
 38
 56
 52
 102
 43
 40
 16
 39
 39
 -3
 -18
 39
 71
 26
 41
 84
 7
 27
 34
 55
 32
 85
 -20
 -20
 11
 -11
 53
 36
 102
 134
 -151
 -291
 -6
 166
 179
 108
 42
 35
 48
 49
 22
 3
 21
 21
 54
 -7
 37
 13
 34
 -17
 25
 34
 20
 84
 26
 11
 13
 71
 41
 25
 38
 -77
 417
 -473
 -1387
 -798
 420
 823
 523
 120
 68
 72
 -29
 -51
 -12
 -7
 12
 -3
 -3
 45
 13
 -7
 6
 40
 23
 11
 25
 36
 21
 26
 22
 36
 48
 -340
 -330
 -97
 81
 112
 83
 48
 19
 52
 11
 61
 34
 39
 28
 65
 39
 -19
 53
 23
 35
 8
 18
 2
 83
 116
 156
 523
 -915
 162
 466
 405
 73
 25
 -27
 37
 38
 44
 9
 23
 36
 9
 1
 12
 64
 -33
 65
 18
 -1
 49
 10
 22
 65
 11
 26
 60
 56
 75
 404
 21
 -417
 -90
 -90
 170
 231
 113
 58
 72
 41
 32
 11
 -41
 20
 33
 -13
 44
 44
 11
 6
 391
 114
 -297
 -229
 -229
 -39
 68
 80
 82
 55
 53
 48
 48
 60
 151
 -7
 75
 16
 -11
 50
 51
 -18
 42
 57
 39
 56
 56
 37
 72
 588
 32
 -325
 -567
 -105
 82
 169
 114
 24
 19
 19
 17
 37
 23
 19
 -29
 17
 36
 12
 35
 56
 12
 35
 19
 4
 49
 58
 19
 60
 -12
 8
 39
 310
 -407
 59
 25
 276
 195
 195
 86
 67
 -9
 3
 3
 36
 1
 1
 -22
 -20
 22
 12
 73
 3
 11
 68
 75
 87
 40
 -6
 32
 34
 54
 27
 64
 781
 490
 -294
 204
 194
 279
 260
 236
 71
 77
 53
 -19
 11
 1
 35
 -61
 5
 6
 45
 35
 56
 19
 42
 39
 91
 24
 28
 -11
 12
 37
 12
 45
 -18
 53
 33
 33
 42
 32
 53
 22
 42
 64
 8
 35
 26
 2
 11
 10
 57
 89
 326
 269
 -9
 -121
 -69
 103
 88
 32
 24
 41
 22
 11
 23
 25
 29
 85
 1
 80
 12
 37
 39
 10
 42
 113
 23
 12
 77
 17
 -14
 -14
 10
 17
 -38
 74
 19
 -49
 -343
 -380
 1
 205
 141
 38
 28
 18
 18
 41
 -40
 52
 3
 71
 45
 39
 59
 64
 5
 12
 5
 5
 -10
 -10
 21
 6
 18
 -18
 244
 106
 -305
 -125
 82
 43
 53
 71
 32
 64
 67
 67
 -1
 0
 36
 -52
 40
 50
 27
 73
 36
 -7
 -8
 4
 87
 71
 41
 49
 -6
 -50
 38
 8
 23
 37
 29
 29
 66
 20
 67
 -13
 20
 24
 19
 -10
 41
 29
 134
 56
 -49
 89
 -265
 -82
 -87
 -87
 251
 277
 145
 72
 57
 25
 25
 0
 -5
 4
 48
 21
 21
 41
 7
 16
 40
 38
 35
 68
 -13
 36
 49
 9
 27
 58
 48
 26
 90
 -2
 17
 23
 23
 -3
 42
 42
 49
 52
 61
 306
 407
 89
 89
 -985
 172
 324
 180
 12
 4
 13
 -21
 -6
 1
 51
 3
 17
 32
 19
 -17
 51
 29
 56
 71
 37
 -41
 18
 26
 1
 10
 29
 67
 137
 43
 124
 -241
 -568
 -156
 201
 250
 75
 25
 8
 11
 6
 61
 67
 51
 26
 18
 21
 3
 38
 -65
 58
 18
 22
 9
 -2
 21
 66
 19
 96
 96
 -11
 27
 -123
 186
 128
 -185
 -332
 37
 34
 116
 105
 124
 -9
 33
 -2
 6
 10
 -11
 11
 29
 5
 0
 26
 16
 13
 21
 40
 56
 29
 -3
 -81
 -170
 -45
 -273
 44
 182
 221
 441
 122
 -5
 -26
 10
 4
 12
 43
 43
 13
 13
 61
 35
 22
 51
 38
 42
 9
 8
 53
 549
 556
 -705
 -540
 277
 519
 194
 18
 34
 38
 -1
 -27
 34
 -11
 3
 3
 38
 38
 13
 57
 44
 -9
 49
 54
 24
 51
 50
 53
 45
 60
 2
 11
 87
 21
 41
 37
 21
 21
 21
 0
 28
 40
 24
 40
 37
 37
 32
 296
 -40
 -40
 -244
 157
 157
 21
 33
 20
 74
 23
 26
 6
 69
 1
 3
 44
 99
 99
 54
 56
 -4
 2
 68
 32
 -6
 52
 25
 28
 26
 50
 90
 42
 24
 56
 33
 64
 -1



# name: <cell-element>
# type: matrix
# rows: 1000
# columns: 1
 37
 32
 71
 20
 33
 0
 -5
 26
 66
 34
 26
 23
 58
 -2
 83
 -14
 -38
 1
 100
 -5
 -52
 97
 22
 20
 17
 51
 34
 54
 28
 48
 -11
 52
 38
 16
 -21
 49
 537
 407
 -137
 -403
 -418
 -215
 -69
 -23
 100
 100
 132
 108
 91
 147
 121
 48
 26
 49
 51
 69
 21
 12
 37
 23
 21
 28
 28
 48
 37
 66
 42
 34
 45
 37
 -20
 36
 42
 -30
 80
 9
 16
 0
 58
 50
 20
 54
 28
 55
 57
 52
 52
 424
 267
 -380
 -322
 -163
 -82
 53
 134
 104
 119
 59
 52
 64
 38
 13
 16
 24
 32
 57
 40
 32
 41
 38
 -33
 43
 6
 65
 32
 12
 12
 21
 43
 9
 24
 58
 -36
 25
 25
 9
 24
 23
 2
 50
 21
 20
 32
 40
 32
 281
 484
 72
 -454
 -456
 -183
 -84
 19
 104
 166
 147
 180
 85
 57
 65
 2
 45
 24
 24
 27
 36
 3
 20
 -6
 29
 36
 70
 37
 50
 21
 8
 36
 34
 23
 -22
 -6
 -18
 -24
 56
 52
 17
 11
 56
 65
 16
 1
 20
 55
 55
 13
 48
 21
 20
 453
 360
 360
 -385
 -405
 -321
 -122
 43
 43
 170
 166
 81
 72
 114
 17
 17
 27
 11
 53
 20
 33
 35
 35
 20
 48
 26
 19
 23
 23
 24
 16
 72
 57
 33
 59
 -11
 67
 39
 28
 19
 39
 42
 26
 45
 45
 35
 19
 40
 49
 72
 23
 24
 8
 452
 341
 -98
 -556
 -365
 -365
 -60
 80
 162
 134
 132
 59
 57
 50
 66
 84
 44
 22
 27
 76
 23
 19
 36
 16
 10
 11
 21
 58
 57
 -5
 59
 -4
 38
 50
 25
 50
 18
 35
 38
 3
 6
 1
 35
 51
 -1
 -7
 65
 25
 40
 1
 26
 25
 72
 38
 27
 82
 27
 -3
 36
 36
 57
 34
 407
 562
 358
 -298
 -436
 -184
 -51
 -51
 119
 153
 105
 70
 13
 98
 68
 41
 13
 68
 57
 32
 18
 21
 19
 67
 54
 11
 -2
 -41
 -23
 49
 -23
 87
 23
 29
 48
 48
 76
 58
 11
 10
 1
 26
 49
 1
 7
 51
 10
 20
 38
 38
 24
 56
 397
 160
 -331
 -331
 -371
 49
 165
 172
 137
 170
 170
 26
 81
 35
 35
 49
 7
 71
 24
 20
 41
 28
 51
 51
 40
 41
 17
 33
 36
 36
 13
 -1
 51
 59
 5
 8
 49
 72
 73
 9
 50
 -61
 40
 68
 52
 27
 -38
 12
 70
 40
 40
 -9
 28
 8
 -8
 -8
 505
 265
 -327
 -433
 -139
 -139
 76
 129
 119
 55
 50
 61
 45
 49
 44
 66
 38
 24
 52
 83
 32
 29
 44
 41
 -27
 -27
 91
 32
 54
 20
 54
 19
 44
 -33
 27
 44
 23
 24
 37
 37
 66
 487
 -242
 -503
 -356
 -190
 -28
 72
 153
 133
 118
 72
 98
 98
 1
 49
 66
 64
 49
 53
 17
 41
 -1
 11
 38
 11
 13
 -8
 29
 9
 -18
 44
 -5
 37
 20
 34
 38
 29
 48
 41
 51
 54
 5
 2
 36
 34
 29
 35
 36
 86
 -21
 12
 68
 -6
 71
 22
 21
 50
 37
 37
 25
 40
 41
 -19
 -22
 5
 54
 44
 41
 250
 404
 104
 54
 -91
 -465
 -361
 -184
 -59
 33
 137
 148
 137
 144
 101
 86
 13
 60
 55
 33
 8
 55
 91
 91
 64
 34
 -3
 44
 18
 66
 28
 0
 9
 13
 32
 28
 35
 27
 19
 27
 27
 36
 58
 34
 36
 10
 24
 16
 40
 58
 39
 -10
 0
 21
 21
 60
 12
 3
 326
 259
 -203
 -452
 -357
 -140
 -41
 59
 121
 121
 128
 92
 105
 52
 71
 7
 85
 85
 36
 16
 -10
 48
 53
 77
 13
 7
 19
 19
 38
 32
 36
 25
 25
 32
 -17
 26
 23
 -7
 58
 39
 55
 18
 -6
 70
 68
 -5
 39
 2
 18
 27
 42
 39
 39
 74
 484
 503
 -56
 -344
 -404
 -170
 -7
 100
 101
 101
 102
 44
 35
 -23
 75
 57
 5
 40
 22
 54
 81
 81
 7
 4
 18
 48
 3
 50
 36
 6
 9
 9
 40
 40
 18
 26
 26
 27
 11
 32
 65
 147
 45
 41
 23
 18
 18
 20
 41
 51
 2
 2
 -37
 56
 48
 27
 39
 9
 87
 106
 500
 388
 -338
 -388
 -213
 -70
 42
 115
 115
 137
 87
 64
 57
 68
 68
 54
 49
 17
 38
 1
 23
 22
 22
 49
 51
 42
 42
 42
 7
 26
 43
 13
 44
 -25
 57
 19
 85
 8
 24
 51
 43
 27
 32
 33
 38
 50
 5
 4
 35
 37
 429
 429
 -108
 -390
 -298
 -225
 -43
 83
 60
 131
 76
 96
 103
 10
 57
 40
 44
 23
 65
 39
 9
 5
 53
 59
 2
 37
 -8
 21
 81
 18
 68
 16
 53
 -26
 84
 16
 -19
 25
 49
 25
 53
 52
 13
 13
 23
 -3
 23
 52
 16
 150
 280
 -104
 -373
 -220
 -193
 -1
 67
 144
 109
 98
 98
 91
 13
 60
 65
 37
 37
 49
 53
 -12
 41
 35
 64
 11
 23
 -3
 10
 50
 18
 77
 11
 42
 40
 39
 37
 67
 -22
 100
 0
 22
 21
 -1
 57
 135
 135
 469
 407
 -462
 -401
 -204
 -54
 -54
 161
 100
 118
 85
 38
 93
 -11
 60
 12
 57
 82
 -1
 8
 33
 55
 67
 52
 25
 33
 67
 13
 -2
 23
 32
 1
 57
 57
 44
 13
 11
 37
 0
 89
 89
 -10
 43
 -9
 42
 42
 27
 21
 57
 52
 293
 490
 165
 -260
 -466
 -179
 21
 35
 141
 104
 161
 161
 97
 85
 7
 41
 100
 29
 58
 84
 13
 10
 9
 35
 32
 32
 41
 45
 66
 33
 49
 22
 33
 13
 19
 -23
 41
 26
 69
 -23
 -12
 40
 40
 39
 65
 38
 24
 -12
 54
 52
 294
 601
 221
 -265
 -362
 -196
 6
 66
 133
 108
 61
 71
 97
 42
 50
 32
 49
 49
 -22
 92
 92
 22
 -2
 48
 40
 36
 11
 67
 -18
 38
 66
 24
 49
 33
 49
 23
 0
 37
 22
 8
 8
 29
 -22
 39
 88
 88
 55
 -1
 13
 2
 34
 27
 26
 391
 458
 -92
 -506
 -502
 -267
 -131
 41
 119
 129





